Test Accuracy: 0.9742944956691814
Test F1: 0.8486842105263158

Neural Network Weights and Biases:Layer: 0
Layer Weights: [[ 0.05941488  1.85918199  0.36529532 ...  0.5505655  -0.77002924
  -0.41933513]
 [-0.13779285  0.12514654 -0.36641573 ...  1.02557111 -0.34470632
   0.18588432]
 [-0.80949818 -0.69659704 -0.40083391 ... -1.5540041   0.5038297
   0.8747964 ]
 ...
 [ 0.45107173  0.23113361 -0.19214724 ... -0.42971968  0.60370102
   2.10527991]
 [-0.54242561  0.74107821  0.49004478 ... -1.32685445 -1.21407206
   0.34051798]
 [-0.54730495 -0.42374399 -0.15956875 ...  0.06862495  0.22740309
  -0.79335406]]
Layer Bias: [[ 1.11447028e-01 -3.09227093e-01 -1.00990803e+00 -7.54785180e-01
   2.59493657e-01  5.69028537e-01 -1.92528754e-01  1.54600812e+00
  -1.72646672e+00 -7.79863674e-01 -4.35120506e-01 -9.80064395e-01
  -8.76172056e-01 -3.67339342e-01  2.11557037e+00 -5.51638663e-01
   6.99013653e-01 -3.60700582e-02  7.91866619e-01 -5.01158046e-01
   3.68115545e-01 -4.24364409e-01 -1.02512008e-01  3.33452662e-02
   1.54161442e-01 -1.14871192e-01  2.03835913e-01 -4.18021526e-01
  -1.00165332e+00 -2.26989862e+00 -4.60854837e-01 -1.41808869e+00
   4.51937781e-01  2.37083394e+00 -4.38300477e-01  1.24381944e+00
   1.13723175e+00  7.10167226e-02 -5.56810265e-01  3.20629373e-01
  -2.25017859e+00  5.87050605e-01  7.68224958e-01  4.93931429e-01
  -1.22901087e+00 -1.26071865e+00  1.56166589e+00  1.90785552e+00
  -7.06668899e-01 -1.14269768e+00 -5.53158743e-01  1.20877779e+00
   4.14448292e-01  9.48071887e-01  1.31890072e+00  2.48703302e+00
   1.45336032e+00 -3.23255418e-01  5.03249823e-01  9.90300792e-01
   3.48315187e-01  1.44565871e+00  1.79955148e+00 -6.61457386e-01
  -5.32471379e-01  1.44261252e+00  1.07056878e+00 -9.02674380e-01
  -8.55085871e-01 -6.70137544e-01  1.02154089e-01  7.84971370e-01
  -1.41555896e+00 -1.22365032e+00  1.05642844e+00  1.95432083e-01
  -1.34809125e+00  1.96278543e+00 -5.06817027e-01  1.60408895e+00
  -7.00618930e-01  6.48647400e-04 -1.12645301e+00  5.38902433e-01
   2.57660082e-01  1.39268494e+00 -6.90041251e-01  1.04691302e-01
  -1.06777949e+00  1.68870206e+00 -6.13472943e-01  3.09184681e-01
   1.53919415e+00  8.39648621e-01  8.78570784e-01 -1.21468793e+00
  -5.41829227e-01  8.54647988e-01  1.00611276e+00  6.54544076e-01
   1.16872485e+00 -7.06550917e-01 -1.93877918e-01 -5.05910651e-01
  -1.05351803e-01  1.12215218e+00  7.16654092e-02 -1.54411738e+00
   4.45524711e-01  7.97531467e-01  1.33473252e-01 -1.46115201e+00
  -8.79320854e-01  7.73968997e-01  1.15042503e+00  3.61600019e-01
  -7.43912407e-01  6.82211750e-01  9.65566219e-03 -4.87022408e-01
   1.26282195e-01 -8.14183292e-01  1.70687609e+00 -4.75020364e-01
  -5.50535040e-01  1.22582961e+00 -1.10626134e+00  1.63849906e+00
   5.39295581e-01  4.50149374e-01 -1.03960465e+00 -2.82381399e-01
  -1.70408512e-02 -3.03286602e-02 -5.22327788e-01  4.50402868e-01
  -3.17721261e-01 -1.49251780e+00 -1.45082754e+00  1.19684834e+00
   3.38455680e-01 -2.91209840e-01  1.00017963e+00 -4.42347265e-01
   1.45255263e-01  6.50759417e-02  1.61300707e+00  4.86871309e-02
  -9.29414382e-01 -2.90687306e-01  1.31521187e+00  1.96661819e+00
   2.95342336e-02 -9.93058279e-01  2.53173540e-01 -3.86440573e-01
  -2.69292486e-01 -6.18098930e-01 -1.03245832e+00 -1.34180544e-01
  -5.94445769e-02 -8.27977573e-01  3.94935625e-01 -2.38796207e-01
   1.65021462e+00  5.98983300e-01  2.55515363e-01 -7.16989621e-01
  -1.43932081e+00 -8.77340991e-01  8.70040601e-01 -6.64698329e-01
  -2.04388164e+00 -1.83687323e-01  9.20754145e-01  2.97913176e-01
   3.94083157e-01  1.41497254e+00 -1.36554120e-01 -1.32117409e-02
  -1.63697589e+00  2.60308892e-01  1.06806214e-01 -1.71097458e-01
   9.43875654e-03 -1.72020472e-01 -7.03897514e-01  5.28472618e-02
   4.56334813e-01  6.08884693e-02 -1.52918160e+00  2.45569642e-02
   6.00325820e-01 -9.18534737e-01 -3.28170862e-02 -1.19959941e+00
  -2.15229918e+00 -1.58810767e+00 -1.67894795e-01 -6.40376298e-01
   3.01735712e-01  9.59489511e-01 -8.75364074e-01  8.84738117e-02
  -7.97455889e-01  1.54350065e-01  1.44492947e+00  4.39891879e-01
  -1.35874038e+00 -1.56249489e+00  7.73473721e-01 -6.07548252e-01
  -2.26060376e+00 -1.19044587e+00 -6.32210467e-01 -1.95959288e-01
   9.20436540e-01  3.47297850e-01 -8.95035497e-02 -5.84558706e-01
   1.43906693e+00  7.65453739e-01 -1.33897877e+00  1.49891683e-04
  -1.25391056e+00 -5.05484760e-01  1.70835651e-01  4.67820996e-01
  -7.74848370e-01  5.13914832e-01 -9.09313187e-01 -6.81688042e-01
   1.67856632e+00 -9.15729043e-01  9.21119085e-01  1.09095819e+00
  -1.30045281e+00 -1.89799224e+00  5.55839496e-02 -1.27608730e+00
   1.16754769e+00 -4.87888991e-01  5.77432415e-01  2.24818286e-01
   2.60220588e-01 -6.65346975e-02 -7.26589666e-01 -4.67420938e-01
   8.14563059e-02 -2.18405294e-01  4.83459303e-01  5.28969126e-01
   4.18573751e-01 -1.48109623e+00 -4.27687995e-01 -1.84412881e+00
  -1.06142496e-01  7.79023802e-01 -8.89966182e-01 -7.60555956e-01
  -5.13023255e-01 -7.80874676e-01  5.38040965e-01 -1.27942994e+00
   1.62980113e+00 -9.93861651e-01  1.80815010e-01 -5.78958300e-01
  -8.92381021e-03 -4.60110170e-01 -8.90073488e-01 -6.46429724e-02
   1.14412719e-01 -6.10118248e-02 -5.26634692e-01  7.85034436e-01
   2.82918355e-01 -1.57791291e+00  7.79200326e-01  1.71889860e+00
   2.90119295e-01 -3.96452576e-01 -1.19667904e+00 -6.92587382e-01
  -1.58706597e+00  3.62925226e-01  6.80569327e-01  1.68884966e+00
  -6.94832721e-01  1.82460037e+00  5.71880842e-01 -7.83143912e-01
  -4.72142646e-01 -2.64990113e-02  2.27771698e-01 -6.13030771e-01
   2.99282010e-01 -4.71745828e-01  1.42647606e-01 -5.97091248e-01
  -6.83400216e-02  7.53980465e-01  2.37258922e-01 -1.21158696e+00
  -7.62377386e-01 -7.05815325e-01  7.97815229e-01 -1.38561609e-01
   6.31173229e-01  7.02403756e-01  1.71985616e-01 -1.29127026e+00
  -2.99742662e-01  3.76096276e-01  4.97051744e-01  7.24789665e-02
   5.98917447e-01 -1.59470171e+00  8.46409471e-01  2.42681646e-01
  -1.38928345e+00 -1.98201472e+00  2.61664181e-01 -5.83556157e-01
  -7.61495319e-01  7.37236583e-01 -1.58862069e-01  1.18609721e-01
  -5.56173570e-02 -2.11336089e+00 -1.41781416e-01  2.87344715e-01
   1.93229830e+00 -1.10694109e+00 -4.17222857e-01 -4.10651875e-01
  -1.41912605e+00  1.20680277e+00 -4.81286539e-02 -4.81876554e-02
  -6.71062915e-01 -2.99844594e-01  6.56250349e-01  1.40340137e+00
   1.32388306e+00  1.59712359e-01 -1.03396909e+00  7.68584643e-01
   1.33232240e+00  1.38883686e-01 -9.78665864e-01 -1.12840032e-01
  -1.14227914e+00 -8.50814739e-01 -2.52554779e-01  1.91398228e+00
   5.44761338e-01  5.51397733e-01  1.31615294e-02  6.39900535e-01
  -9.80098827e-01  6.84357917e-01  1.04547002e+00 -8.98645741e-02
   9.02651116e-01  4.80736793e-01 -5.49658508e-01 -2.97463357e-01
  -1.00855734e+00 -1.82060687e+00 -8.51989880e-01  5.06214363e-01
  -3.83406651e-01 -9.98943401e-01  1.10651454e+00 -1.05678028e+00
   2.84716384e-01 -3.43409077e-01 -9.37188328e-01 -6.95919061e-01
  -3.87148570e-01  1.20227061e+00 -8.70003168e-01 -7.80234497e-01
   4.40371900e-02 -3.35697873e-01  7.00209902e-01  1.53334583e+00
   1.54471641e-01 -4.12173802e-01  3.75823620e-01  1.47937797e-02
   1.26802989e-01 -4.84730579e-01  4.75159764e-01 -1.92498243e+00
   2.41099374e-01  3.32890301e-01 -1.25632455e+00  2.12425237e-01
  -5.86503288e-02 -2.24939860e-01 -1.62998125e+00 -3.72995690e-01
  -8.72785292e-01 -8.25647784e-01  2.78104223e-01 -2.78225853e-01
   8.26384022e-01  1.05247135e-01 -7.19796299e-01 -3.28583186e-02
   1.79218264e-01 -2.96796119e-01 -1.02797773e-01 -6.91640964e-01
   9.95194549e-01 -3.09054746e-01  1.36735269e+00 -1.94969240e+00
   1.93392462e+00  2.11799047e-01  5.82776500e-01 -2.45221064e-01
   2.71771932e-01  1.88866607e+00  1.07970209e+00  2.57255102e+00
   7.33755211e-01 -3.19218681e-01 -1.01314064e+00  4.61489590e-01
  -3.95421220e-01  1.42373560e+00  1.26805179e-01  8.92251476e-01
  -2.02498673e+00 -3.95362449e-01  7.49153087e-01 -7.78596665e-01
  -5.97836657e-01  4.03741923e-01 -8.39169290e-01 -5.44227361e-01
   1.98506077e-01 -1.03337477e+00 -1.09826894e+00 -4.22756888e-01
  -2.23284961e-01  4.04442668e-01 -1.08888386e+00  9.71377456e-01
  -5.39821108e-01 -6.52349319e-01  6.95912018e-01 -1.60045429e+00
  -8.65021259e-01  4.67996527e-01  2.78299422e+00  5.58770438e-01
  -2.77199484e-01 -1.36275580e+00  2.70342276e-01  6.24705178e-01
   7.13218966e-03 -4.05205958e-02 -1.85627332e-01 -2.79044542e-01
   2.31631546e+00 -5.98243522e-01  1.69059529e+00  8.60735186e-01
  -9.81554322e-01  8.99100134e-01  1.64607292e+00  3.37606695e-01
   9.54104494e-01  5.90662605e-01 -7.96458142e-01 -1.25627591e+00
   1.10487736e+00 -2.88514944e-01  6.54074495e-01  8.36832682e-01
   9.29818279e-01 -5.72785572e-01  1.22575018e+00  1.53029146e-01
   3.56239899e-01 -2.39078298e+00  6.32318820e-01  1.41357152e+00
   5.64681549e-01 -1.36928075e-01 -2.29927749e+00 -1.26484205e+00
  -2.68403185e+00  5.24529590e-01  1.16541910e+00 -7.18191065e-01
  -1.20662623e-01  3.13095289e+00  9.13515996e-01  6.51653672e-01
   9.77060411e-01 -1.41084436e+00 -8.03465125e-02 -9.28855321e-01
  -4.59258416e-01  2.58391371e-01  2.05065831e+00 -1.11464904e+00
   2.06143680e-02  9.35519073e-01 -1.44769451e-01  6.67956073e-01
  -1.60161332e+00  9.77229361e-02 -4.50285200e-02  1.43404234e+00
  -5.53110337e-01 -2.70230429e-01  6.66568200e-01 -1.07687907e+00
  -6.37248332e-01  5.44903243e-01 -1.41749067e+00  3.12519555e-01
  -1.14902816e+00 -2.06661717e-02  4.94749400e-01 -5.09836306e-01
  -6.93448848e-01  8.40961342e-01 -6.74488123e-01  4.17071410e-01
  -9.66817480e-01  9.82573461e-02 -7.66984506e-01 -2.22937066e-01
   3.82620698e-01 -2.87490506e-01 -1.26738603e+00  4.92849095e-02
   1.27101942e+00  3.80695025e-01  6.41030913e-01 -1.21814573e+00
  -1.71460897e-01  1.85641462e+00 -7.44903345e-01  5.21057568e-01
  -5.77465322e-01 -1.12952187e+00 -1.08261485e+00 -2.54975652e-01
   1.01195595e+00  4.24934263e-01 -4.59716940e-01  2.24983568e-01
  -4.71831909e-01 -3.58984435e-01 -3.53980370e-02 -1.51282061e+00
  -1.10961907e-01 -9.81615301e-01 -1.41479700e+00 -7.40642371e-02
  -1.87938484e-01 -2.77216948e-02  5.59548491e-01 -1.66684379e+00
   6.03577312e-02 -3.78631546e-01  5.92083277e-01  7.67525503e-01
   1.43397835e+00 -2.78291619e-01 -7.46370544e-01  1.92541546e-01
   7.97442315e-02  1.12421523e+00 -1.69393237e+00  1.84140839e-01
  -1.91287265e-02  5.13725002e-01 -1.07451367e-01 -1.02363191e+00
  -8.40274186e-01 -6.25027286e-01 -2.04008179e-01 -6.86967517e-02
   1.23427320e+00 -1.22600075e+00  9.29264980e-01  1.32296125e+00
   1.61388188e+00 -7.08228794e-01 -4.38255334e-01 -7.49029577e-01
  -5.96597195e-01 -1.06806917e+00 -9.53190747e-01  9.29195269e-01
   6.36286055e-01  1.35516202e-01  1.60062405e-01  9.73019180e-01
   4.93862198e-01 -3.20499529e+00  1.62511497e-02 -1.73918215e+00
   2.46322726e-01  2.57832558e-01 -5.45335438e-01 -4.82809258e-01
   6.21754876e-01  5.66989761e-01 -7.12266751e-01 -6.17582269e-01
   5.57709325e-01 -6.84591363e-01  8.42248165e-01 -8.07799828e-01
  -3.02355113e-01  3.27756641e-01 -1.34415868e+00  1.78806599e+00
  -3.35190946e+00  8.68397189e-01 -2.55644437e-01 -8.44878951e-01
   7.32716979e-01 -9.43921161e-02 -6.20141091e-01 -2.15180585e-01
   1.20549320e-01 -1.88346367e-01  3.69015975e-01  1.70325444e+00
   1.05817837e+00  6.27369467e-01  1.82529954e+00  9.05822048e-01
   4.87854100e-01  3.30975377e-01 -3.61280434e-01 -5.81629587e-01
   2.70181605e+00 -5.01834478e-01 -1.46655938e+00 -1.37071803e+00
  -7.09533757e-01  2.55369435e-01  2.23719873e-01 -1.34312568e+00
  -1.34478684e+00  6.54730619e-01  3.20257010e-01  1.63620977e+00
  -5.38995536e-01  1.45441176e-01 -2.36467666e+00  1.44268214e+00
   1.20605392e+00 -5.39247203e-01  1.08109708e+00 -3.82794951e-01
   3.86355508e-01  2.44993767e+00  3.12674381e-01 -1.12996919e+00
   4.40393720e-01  2.32172700e+00 -1.20369239e+00  1.37770318e+00
  -9.09646210e-02  5.44889971e-01 -4.39907021e-01 -1.32737764e+00
  -3.70522849e-01  3.72558515e-01  9.39973799e-01  6.55080195e-01
  -5.79959273e-01 -1.06290472e-01 -1.47554967e+00  8.10377346e-01
   8.76406098e-01  1.32203440e-02 -1.46927218e+00 -8.83072367e-01
   1.01085854e+00  6.60767799e-01  1.00983364e-01 -2.67104753e-01
   9.54393863e-01  6.96855202e-01  9.25134150e-01 -5.51966336e-01
   4.98981117e-01  4.27995398e-01 -9.92044039e-01  1.94032879e-02
   9.77374232e-01  6.83395919e-01  1.69272424e+00  1.33081749e+00
   3.50679124e-01  6.56467460e-01 -4.19535555e-01 -8.56391016e-01
   9.28851341e-02 -6.40188526e-01 -1.39676091e+00  1.56138762e-01
   6.45766347e-01  2.21876026e-01  2.27937846e+00  1.78336642e-01
  -2.86746603e-01 -1.06772457e+00 -3.79544028e-01 -1.27102426e+00
  -4.71556911e-01 -4.45855774e-01  1.56819081e+00  1.30283904e+00
  -9.16229404e-01 -3.26861933e-01 -1.24348072e+00  8.98290441e-01
  -1.28277893e+00  9.53845570e-01 -1.04854592e-01 -7.76675684e-02
  -1.94810510e-01  1.62112822e-01  1.41127989e-01  5.85534047e-01
  -3.39797823e-01  1.28642605e+00 -8.71221134e-02 -2.90986453e-01
   8.34312140e-02 -2.33458807e-01 -8.09700735e-01  1.20709759e+00
  -1.27639533e-01  6.48928815e-01  1.35487904e-01  3.33069621e-02
   1.92578417e+00 -4.23313320e-01  1.12328380e+00  7.41171750e-01
  -6.68623498e-01 -1.52583246e-01  2.19446209e-01  4.40548050e-02
   9.00625517e-01 -5.77065595e-01 -1.29735079e+00  2.11926024e-01
  -5.61026170e-01 -3.27367617e-01 -1.78369896e-01  7.92320048e-01
  -6.11685238e-01 -1.56667086e-02  1.13655414e+00 -6.99902453e-01
  -5.29263957e-01 -1.42114767e+00 -1.19781209e+00 -5.59997684e-01
  -3.26314326e-01 -4.79544131e-01  1.30588824e-01 -9.85517792e-01
  -3.71598824e-01  1.74764979e+00 -7.53819375e-01  3.31269167e-01
  -7.01569081e-01 -3.95886182e-01  2.59526457e-02  9.45395694e-01
  -4.69058087e-01 -2.77434717e-01  1.21110683e+00 -1.17951237e-01
   1.03508862e+00 -1.97783189e-01 -7.42679901e-01 -7.17529241e-01
   4.40987787e-01 -2.00977915e-01  6.26340564e-01 -7.64269978e-01
  -1.53539158e+00  8.67581837e-01  7.15710142e-02 -9.11950633e-01
   1.52266862e+00 -7.61871508e-01 -2.39820669e-01  1.32582731e+00
  -3.57732161e-01  7.17150544e-02  7.12703616e-02 -1.21807524e-01
  -1.61368255e-01 -1.12026188e+00 -1.04541737e+00  2.07913788e-01
   1.12195194e+00  2.78999137e-01  9.63093382e-02 -9.08675628e-01
   4.41889831e-01 -1.46084982e+00  1.78983704e+00 -3.11587009e-01
   1.50675367e+00 -4.91095935e-01  1.29492288e+00 -9.65311434e-01
  -7.85960386e-01 -1.34331987e+00  1.44405999e+00 -1.48954292e-01
   4.20280121e-01  5.48506080e-01 -3.50101432e-01  1.38527612e+00
  -9.09084190e-01  8.17329835e-01  5.68994613e-01  8.47689128e-02
   6.21523393e-03  2.04253118e-01  4.59377905e-01 -7.83242379e-01
  -2.95742334e-01  9.76141179e-01  1.59900842e-01  1.93005300e+00
  -3.65928681e-01  3.90676249e-01  5.71632188e-01  1.33803621e+00
  -3.25723378e-02  1.63927844e+00  6.93288053e-01  5.40056657e-01
   7.93824994e-01 -1.12889733e+00 -9.38007906e-01  1.77719298e+00
  -4.05749153e-01  9.69580856e-02  4.25741775e-01 -1.18458153e+00
   4.36290008e-01  2.39914628e-01  8.81576674e-01 -5.77591990e-01
  -1.46721099e-01 -1.01731578e+00  8.44167608e-02 -4.70477265e-01
   1.67586680e+00  2.39928861e+00 -4.66716830e-01  2.86182504e-01
  -9.04075973e-03  1.53327728e-01  8.03655478e-01  2.11105361e+00
   1.48085686e+00  1.19582295e+00  5.40274071e-01  7.02029000e-01
   1.21653288e+00  2.82672970e-01  6.61153528e-01  6.99801494e-01
   9.57143418e-01 -2.04490886e-01 -5.36646161e-01 -4.25602285e-01
   4.55565992e-01 -2.11567957e-01  1.79687198e+00  2.42942941e-01
  -1.80713437e+00 -1.10371553e+00 -3.33823741e-01  7.99244243e-01
   1.32285311e-01 -5.46649868e-01 -1.56880555e-01 -7.34737782e-02
   1.31422547e-01 -1.01052633e-01  1.24081117e+00 -8.86558345e-01
   7.24687957e-01  8.27714263e-02  1.67290026e+00  9.20079644e-01
   1.19253578e+00  8.91755416e-02  5.27360402e-01 -6.14416235e-01
  -6.78774484e-01 -9.97077430e-01 -3.83835709e-01  2.84764496e-01
   2.02456681e-02  1.47014308e-01  1.26171047e+00  2.32300454e-02
  -1.55854671e-01  2.93158157e-01  2.92735353e-01  2.49087656e+00
  -4.61230154e-01 -1.00528227e+00  7.61787874e-01  3.20334729e-01
   1.64422033e-01  1.40925562e+00  1.95784441e+00 -2.46169629e-01
  -6.70396729e-01  8.63578108e-02 -8.17534156e-01 -6.00338184e-01
   1.36619596e+00 -5.37871144e-01  1.37314688e-01  7.95155513e-01
   1.78825767e+00 -6.15979397e-01 -5.52790069e-01 -6.28193153e-01
  -8.04570876e-01  5.66378238e-01  1.10226803e+00  5.67604064e-01
  -5.91510084e-01  1.99648626e-01  4.85753790e-01 -2.76404909e-01
   8.23878813e-01 -1.17656800e+00  5.23286294e-01  6.66908075e-01
  -5.15611486e-01 -1.70635817e+00 -1.35527364e+00  3.88430378e-01
   1.28789225e+00  1.27459761e+00 -5.16169696e-01 -1.59069207e-01
  -4.00565919e-01 -1.30201491e-01 -3.28717783e-01  4.47137742e-01
   3.44796003e+00 -1.41271011e+00  9.52659683e-01  1.53094304e+00
   1.26727034e+00  2.69276444e-01  1.21881276e+00  3.32680737e-01
  -1.57518136e+00  3.25397700e-01 -1.34812446e-01  5.87785236e-01
   1.33668711e-01  1.69474326e+00  1.18905303e+00 -4.09541781e-01
  -3.85931440e-01 -6.80366919e-01  1.43166332e+00 -6.89354421e-01
  -1.30449034e+00  8.18519016e-01 -1.78343169e+00  1.03161630e+00
   1.30383285e+00 -3.98651314e-01 -2.50354156e-01 -1.54191176e-01]]

Layer: 1
Layer Weights: [[-1.67051772e-01]
 [ 1.87858494e+00]
 [-1.21069235e+00]
 [ 1.22781904e-01]
 [-5.85943765e-01]
 [ 1.03781674e-02]
 [-9.15624472e-02]
 [-1.74847922e-02]
 [-6.10758066e-01]
 [ 9.25329038e-01]
 [ 1.33433893e-01]
 [ 5.30849181e-01]
 [ 9.58986412e-01]
 [-1.47991023e-01]
 [-1.97359415e-01]
 [-1.02805691e+00]
 [ 1.65680237e+00]
 [ 1.96501136e+00]
 [-7.07801369e-02]
 [ 9.03955475e-01]
 [ 1.01110994e-01]
 [-9.13063632e-02]
 [-2.66150193e-01]
 [ 2.68736827e-01]
 [ 1.64932058e+00]
 [-4.11423240e-01]
 [-4.77304428e-01]
 [ 2.94029941e+00]
 [ 1.04600359e+00]
 [ 4.32258891e-02]
 [-5.97569676e-01]
 [ 6.33267217e-01]
 [-8.84984376e-01]
 [ 4.83543956e-01]
 [ 7.37226076e-02]
 [-1.76515993e+00]
 [ 8.03009224e-01]
 [-9.89987285e-01]
 [-5.62993834e-01]
 [ 1.23041506e-01]
 [-3.19200575e-01]
 [ 9.90981939e-01]
 [ 2.70033196e-01]
 [-1.79433630e-01]
 [-9.90192487e-01]
 [ 7.61304266e-01]
 [ 7.81886215e-01]
 [-6.96797727e-01]
 [ 1.65968690e-02]
 [ 1.00094589e+00]
 [ 1.26058882e+00]
 [-1.16370658e+00]
 [ 5.42154003e-01]
 [-5.16765633e-01]
 [-3.57369790e-01]
 [ 3.02871825e-01]
 [-3.13494693e-01]
 [-4.83985576e-02]
 [ 6.94237713e-01]
 [ 1.32764437e-02]
 [-4.99477188e-01]
 [-2.70448376e-01]
 [-8.17410745e-01]
 [-1.15132794e+00]
 [ 5.09693296e-01]
 [-1.94525130e+00]
 [ 6.18253801e-01]
 [ 5.16401287e-02]
 [ 8.20976435e-01]
 [ 8.28153491e-01]
 [-1.10541409e+00]
 [-4.63017402e-01]
 [ 6.18533937e-01]
 [-6.56514623e-01]
 [-3.22391912e-01]
 [ 1.06966328e+00]
 [ 7.63726128e-01]
 [ 7.06641245e-03]
 [ 9.50900822e-01]
 [ 1.10347589e+00]
 [-7.63807969e-01]
 [ 6.95486887e-01]
 [-5.77161917e-01]
 [ 1.54299590e+00]
 [-1.07564410e+00]
 [ 2.24134271e-01]
 [ 3.42586273e-01]
 [-7.74953042e-02]
 [ 2.57148036e-01]
 [ 1.39902307e-01]
 [-1.19862228e+00]
 [-8.01173730e-01]
 [-4.12529650e-01]
 [-6.18799826e-01]
 [-7.10472448e-01]
 [-7.22162701e-01]
 [ 4.71277025e-01]
 [-8.93511675e-01]
 [ 6.76829693e-01]
 [-2.94264886e-01]
 [-6.02578613e-02]
 [ 1.81336094e-01]
 [ 4.75396820e-01]
 [ 5.51096008e-01]
 [ 1.93624183e+00]
 [ 6.06181692e-02]
 [ 1.61858801e+00]
 [ 1.69076414e-01]
 [ 4.90752329e-01]
 [-3.83690077e-02]
 [ 4.56651165e-01]
 [ 1.49190459e-02]
 [ 1.07479421e+00]
 [-1.73626453e+00]
 [-3.90316706e-01]
 [-2.84920851e+00]
 [-7.26228090e-01]
 [ 1.34070217e+00]
 [ 6.12186972e-01]
 [-1.69779221e-01]
 [-2.79654996e-02]
 [-1.92888445e+00]
 [-5.67000534e-01]
 [-3.18955511e-01]
 [-1.42438524e+00]
 [-1.73043109e+00]
 [ 9.63379137e-01]
 [ 1.40028466e+00]
 [ 1.16672595e-01]
 [ 2.07161862e-01]
 [ 7.85133084e-01]
 [-1.09185840e+00]
 [ 9.00831528e-01]
 [ 9.32896990e-02]
 [ 7.72422861e-01]
 [-5.58314355e-01]
 [ 3.33466738e-01]
 [ 1.69893087e-01]
 [ 4.98023370e-01]
 [ 2.23680923e-01]
 [-3.27447144e-01]
 [ 3.52037473e-01]
 [-6.92126626e-02]
 [ 3.65100943e-01]
 [ 3.30371062e-01]
 [-7.74501174e-01]
 [-1.86032303e+00]
 [-1.38052938e-01]
 [ 2.89540016e+00]
 [-5.36423775e-01]
 [-9.57267981e-01]
 [ 5.60895485e-01]
 [-3.11823318e-01]
 [ 1.48834632e+00]
 [-1.25381426e+00]
 [ 1.23568186e+00]
 [-1.50617757e+00]
 [ 1.27081993e+00]
 [ 1.63570660e-01]
 [ 3.72699651e-02]
 [-6.13456042e-01]
 [-5.24371180e-01]
 [-3.87854604e-01]
 [ 5.85670843e-01]
 [-5.84311644e-01]
 [-1.35318831e+00]
 [-4.46419141e-01]
 [-1.58863180e+00]
 [-8.82212487e-01]
 [ 5.83307450e-01]
 [-4.02937750e-02]
 [-1.85207308e-01]
 [ 1.77405077e+00]
 [-7.85844006e-01]
 [-6.30474727e-02]
 [-1.42409489e-01]
 [-1.25603591e+00]
 [-1.28899604e-01]
 [-9.80055493e-01]
 [ 6.88246914e-01]
 [-7.98894808e-01]
 [-5.96621107e-02]
 [ 2.95968312e-01]
 [ 1.88735805e+00]
 [ 1.31110384e+00]
 [ 6.64068692e-01]
 [-2.45416183e-01]
 [-5.52913444e-01]
 [ 1.57848183e+00]
 [ 2.32845156e-01]
 [ 1.23091967e-01]
 [ 8.11251358e-02]
 [-4.69738031e-01]
 [-4.15913926e-01]
 [-4.40701153e-01]
 [ 1.11571958e+00]
 [ 1.14573769e-01]
 [-5.26989311e-01]
 [ 1.29005130e-01]
 [-2.35339226e+00]
 [ 4.59619887e-01]
 [-1.58779346e+00]
 [ 2.28724019e-01]
 [-1.52845659e+00]
 [ 6.59415082e-01]
 [-1.32229655e+00]
 [-1.29501885e+00]
 [-9.42334762e-01]
 [ 6.21598799e-01]
 [-2.24583449e-01]
 [-1.04510570e-01]
 [-9.76007226e-01]
 [-1.86372350e+00]
 [-8.52114179e-01]
 [ 1.20079000e+00]
 [-2.15669686e-01]
 [-1.98208820e+00]
 [ 4.24193986e-01]
 [ 1.14883019e+00]
 [ 1.27206687e+00]
 [ 1.45188432e+00]
 [-1.13469750e+00]
 [-2.84153769e-01]
 [-1.94497616e-01]
 [ 7.19684349e-01]
 [ 9.82329205e-01]
 [ 3.12671084e-01]
 [ 1.98688290e-01]
 [-4.71346636e-03]
 [ 6.14505969e-01]
 [ 7.65722504e-01]
 [-1.83543829e+00]
 [-2.32452745e+00]
 [-2.38144218e+00]
 [ 1.82469892e+00]
 [ 4.04582801e-01]
 [ 9.99395345e-04]
 [ 8.23852569e-01]
 [-8.43448489e-01]
 [-7.79937757e-01]
 [-1.10275004e+00]
 [-7.13578913e-01]
 [-5.20338793e-01]
 [ 4.20591997e-01]
 [ 6.74916402e-01]
 [ 1.08356592e-01]
 [-7.38300602e-01]
 [-9.51242107e-01]
 [-1.30609081e+00]
 [-1.32391971e-01]
 [-1.29205007e+00]
 [-4.25455692e-01]
 [ 5.17114752e-01]
 [-8.05846944e-01]
 [-8.67957114e-01]
 [-5.75332618e-01]
 [-4.37339265e-01]
 [-2.06282660e+00]
 [-5.85994716e-01]
 [-1.32695110e-01]
 [-5.53699320e-01]
 [ 1.12022321e+00]
 [-3.99058768e-01]
 [-6.09481129e-01]
 [ 7.55851006e-01]
 [ 1.08644759e+00]
 [-2.61300948e+00]
 [ 3.34525628e-01]
 [-6.62389330e-02]
 [-1.25131275e-01]
 [-7.24721666e-01]
 [ 1.70941244e-01]
 [ 5.88443311e-01]
 [-1.25347344e+00]
 [ 8.24886910e-01]
 [-2.23361029e-01]
 [ 4.44307509e-01]
 [-2.69199468e-01]
 [ 2.98476489e-02]
 [-1.11923568e+00]
 [ 1.58369919e+00]
 [ 1.00315268e+00]
 [-1.29648616e+00]
 [-1.37526526e-03]
 [ 8.55686760e-02]
 [ 1.01995095e+00]
 [-1.76490418e+00]
 [-5.07680620e-01]
 [ 1.82182910e-01]
 [ 1.42261430e+00]
 [-1.03041085e+00]
 [ 3.95335872e-01]
 [ 2.19264922e+00]
 [-5.57144790e-01]
 [ 6.82511217e-01]
 [-1.59382720e+00]
 [-5.47327287e-01]
 [-5.13496246e-01]
 [-6.69975651e-01]
 [-7.29600337e-01]
 [-7.73518499e-01]
 [-1.41070490e+00]
 [ 6.59129597e-01]
 [-8.53968545e-02]
 [-2.98789970e-01]
 [ 7.59386366e-01]
 [ 1.57302051e+00]
 [ 5.76272426e-01]
 [ 6.17366348e-02]
 [ 3.22794906e-01]
 [-9.79870955e-01]
 [-1.25024276e+00]
 [-2.92065222e-01]
 [-5.02114250e-02]
 [-7.42507821e-02]
 [ 1.23690474e+00]
 [ 2.94529645e+00]
 [ 6.57564038e-01]
 [ 1.71999989e+00]
 [-3.54211698e-01]
 [ 7.88313896e-01]
 [-9.89874040e-02]
 [-1.34901995e+00]
 [ 1.43803405e-01]
 [-6.50780741e-01]
 [ 8.45234920e-01]
 [-4.34294989e-01]
 [-4.32893042e-01]
 [-7.01851168e-02]
 [ 2.17609123e-01]
 [ 7.04972947e-02]
 [ 7.97930902e-01]
 [-5.94320159e-01]
 [ 1.67670659e+00]
 [-2.94675193e+00]
 [ 7.14408404e-01]
 [-4.43906637e-01]
 [-9.83232987e-01]
 [ 3.58120405e-01]
 [ 6.81053552e-01]
 [-4.85407529e-01]
 [ 1.32571024e-01]
 [-9.50630732e-01]
 [-5.46606014e-01]
 [ 4.94470156e-01]
 [-1.88934742e+00]
 [ 1.24480163e+00]
 [-1.73068445e+00]
 [ 1.37361923e+00]
 [ 8.25266259e-01]
 [ 8.87585562e-01]
 [-1.36920118e-02]
 [ 1.87577432e+00]
 [-6.26826545e-01]
 [-6.51752136e-01]
 [ 1.16995627e-01]
 [ 9.69524752e-01]
 [ 1.65951736e-01]
 [ 3.89853819e-01]
 [ 4.86495034e-01]
 [ 6.13311836e-01]
 [-4.55602761e-01]
 [-2.42848405e-01]
 [ 1.40087307e+00]
 [ 1.02154064e-01]
 [ 6.23067952e-02]
 [ 2.16057002e-01]
 [ 1.36544047e+00]
 [-2.66630335e-01]
 [-4.17282725e-01]
 [ 1.36386490e+00]
 [-1.79439485e+00]
 [-8.81070539e-01]
 [-2.64518609e-01]
 [ 1.82267871e+00]
 [ 9.14565638e-01]
 [-6.13572583e-01]
 [ 3.40075428e-01]
 [ 2.09320875e+00]
 [ 1.16831815e-01]
 [ 6.16456709e-01]
 [-1.91673734e+00]
 [-1.46111086e+00]
 [ 3.99410926e-01]
 [ 6.33071275e-01]
 [ 6.09963714e-01]
 [ 9.02021927e-02]
 [ 1.74307406e+00]
 [-9.97235042e-02]
 [ 2.88035662e-01]
 [ 5.09575781e-01]
 [ 8.48975758e-02]
 [ 5.18971785e-02]
 [ 9.22106957e-01]
 [-1.35293818e-01]
 [-9.49115855e-01]
 [-9.39701197e-01]
 [ 1.80022268e+00]
 [ 1.33403828e-01]
 [ 6.43603212e-01]
 [ 8.88096404e-01]
 [ 8.76712004e-01]
 [-1.23294008e-01]
 [-5.96828500e-01]
 [ 3.14232901e-01]
 [-1.46626841e+00]
 [-7.06506691e-01]
 [-2.17664067e-01]
 [ 8.99236407e-01]
 [ 1.05741455e+00]
 [ 7.05638125e-02]
 [ 1.30265688e+00]
 [-1.85807241e+00]
 [ 8.49038899e-02]
 [-2.96956871e+00]
 [ 8.24313630e-01]
 [ 1.96814378e+00]
 [ 1.35245431e+00]
 [-4.31624380e-01]
 [ 1.61811967e+00]
 [-6.88006689e-01]
 [ 1.12463517e+00]
 [ 7.01207846e-01]
 [ 1.71646973e+00]
 [-5.73571843e-01]
 [-8.12668927e-01]
 [-6.43580248e-01]
 [ 9.93070216e-01]
 [-1.11581447e+00]
 [ 1.84194625e+00]
 [-1.49172524e+00]
 [-1.11943070e-01]
 [ 1.52725132e+00]
 [-8.20558678e-01]
 [ 4.51145116e-01]
 [ 3.53016015e-01]
 [-9.85993459e-01]
 [ 8.09221179e-01]
 [ 9.00183437e-01]
 [ 5.05442581e-01]
 [-1.00330384e+00]
 [-8.99853422e-01]
 [ 4.37780787e-01]
 [-3.00300388e-02]
 [ 4.20382174e-01]
 [ 2.76589240e-01]
 [ 7.30516317e-01]
 [ 3.77300952e-01]
 [-7.37462731e-01]
 [-8.16710983e-01]
 [ 1.14220351e+00]
 [ 2.21694437e-01]
 [ 1.30443146e+00]
 [ 3.29151830e-01]
 [-3.29031260e-01]
 [-2.26868808e-01]
 [-1.50105477e+00]
 [ 1.38314433e+00]
 [ 4.70472895e-01]
 [ 6.12422171e-01]
 [-1.33542583e+00]
 [ 2.53366480e-01]
 [ 7.83054977e-01]
 [-5.02212398e-01]
 [ 7.13351290e-02]
 [ 8.28468067e-01]
 [-1.14478215e+00]
 [ 1.37586997e+00]
 [ 3.38641179e-01]
 [-1.16955843e+00]
 [ 1.54878308e-01]
 [-9.55582557e-01]
 [-6.97202922e-01]
 [ 1.13385165e-01]
 [-6.29154470e-01]
 [ 2.73196835e-01]
 [-3.67509343e-01]
 [ 1.23965412e+00]
 [ 8.30720697e-01]
 [ 9.60618991e-01]
 [-8.14446069e-01]
 [ 6.80819290e-01]
 [ 2.23675660e+00]
 [-1.21569690e+00]
 [-1.04999076e+00]
 [ 2.19368689e+00]
 [-4.62767307e-01]
 [-1.21731495e+00]
 [-1.08034437e+00]
 [-1.17399679e+00]
 [ 1.84256567e+00]
 [-5.45770141e-01]
 [-1.32838926e+00]
 [-7.00994672e-01]
 [ 3.51632905e-01]
 [-8.70460271e-01]
 [ 1.86862757e-01]
 [-7.52356003e-01]
 [-1.46517088e+00]
 [-1.28281752e-02]
 [-8.62316191e-02]
 [ 1.62871274e+00]
 [ 1.68187318e-02]
 [-9.00798648e-01]
 [ 9.35014505e-01]
 [-1.58547206e+00]
 [-1.82929256e+00]
 [-1.19214611e-01]
 [ 6.24486807e-01]
 [-1.59269262e+00]
 [ 2.57338538e-01]
 [ 8.61827826e-01]
 [-7.66198333e-01]
 [ 1.72337332e-01]
 [-1.84444277e-01]
 [-1.58571590e+00]
 [-9.14879952e-01]
 [ 1.10535849e+00]
 [-1.98772870e+00]
 [ 6.08016344e-02]
 [ 6.03377190e-01]
 [ 1.14463029e+00]
 [-1.08410330e+00]
 [ 1.29556497e+00]
 [-5.58948726e-01]
 [-1.22112368e+00]
 [-2.48831520e-01]
 [-1.06265979e-01]
 [-5.19082655e-01]
 [-6.95999641e-01]
 [-2.08071704e+00]
 [-5.79094549e-01]
 [-9.69845331e-01]
 [ 1.36339271e+00]
 [-5.87473867e-01]
 [ 1.90615432e-02]
 [-7.43918655e-01]
 [ 7.62904858e-02]
 [-1.09033241e-02]
 [ 3.90746524e-01]
 [-2.32110526e+00]
 [-1.56939151e+00]
 [-5.60359596e-01]
 [-6.13252064e-01]
 [-5.19896299e-01]
 [ 4.30013036e-02]
 [ 1.81208505e-01]
 [ 8.65847376e-02]
 [-5.51508589e-01]
 [-4.94137444e-01]
 [ 9.01933393e-01]
 [-6.17140044e-02]
 [-1.31084274e+00]
 [-3.49891616e-01]
 [ 2.33514049e-01]
 [ 4.60167711e-01]
 [ 8.51996754e-01]
 [ 6.95111371e-01]
 [ 2.84208250e-01]
 [ 2.84780367e-01]
 [-1.31696132e+00]
 [-7.39713416e-02]
 [-1.08269587e+00]
 [ 1.10760591e+00]
 [-1.37754311e+00]
 [ 2.61707177e-01]
 [-1.02377789e+00]
 [-4.66731768e-01]
 [-1.67724917e+00]
 [-1.97360454e-01]
 [-2.11340371e+00]
 [-6.77825016e-01]
 [-1.36711489e+00]
 [ 3.63771321e-01]
 [-9.10297369e-01]
 [-7.00892634e-01]
 [-3.56131005e-01]
 [ 5.20999599e-01]
 [-1.79111396e+00]
 [-3.45219829e-01]
 [-1.26215563e+00]
 [-1.82584359e-01]
 [-1.06246130e+00]
 [ 5.13636973e-01]
 [ 4.56809350e-01]
 [-3.20351140e-01]
 [-3.47174937e-01]
 [-1.16369987e+00]
 [ 4.50882919e-01]
 [-8.46182687e-01]
 [ 1.61220067e+00]
 [ 8.30189022e-01]
 [-1.26152481e-01]
 [ 1.06990497e-01]
 [-2.49396024e-01]
 [ 1.43400505e+00]
 [-5.90077423e-01]
 [ 1.82387573e+00]
 [-9.88381342e-01]
 [-3.77592987e-01]
 [ 6.84347442e-02]
 [ 4.47090998e-03]
 [-1.38906354e-01]
 [-5.15664485e-01]
 [-1.82711307e+00]
 [ 3.29554221e-01]
 [-1.23699703e+00]
 [-7.21758725e-01]
 [ 4.33742101e-01]
 [-1.10090243e-01]
 [-7.85627442e-01]
 [ 3.40690831e-01]
 [ 5.84018597e-01]
 [-9.27223885e-01]
 [-3.99966219e-02]
 [-5.58508060e-02]
 [-1.34625387e+00]
 [-1.34079066e+00]
 [ 9.14804101e-01]
 [-3.20388984e-01]
 [-4.65006278e-01]
 [-5.33720063e-01]
 [-7.45525115e-01]
 [ 1.20584736e+00]
 [-1.29516711e+00]
 [-1.07630675e+00]
 [-6.99194572e-01]
 [-8.89639985e-03]
 [ 1.37900192e+00]
 [ 1.57007145e+00]
 [-4.00916686e-01]
 [ 2.60113181e-01]
 [-2.56209623e-01]
 [-1.14351279e+00]
 [-4.28124789e-02]
 [-2.39524175e-01]
 [ 1.04174944e-01]
 [-2.40400394e-01]
 [-4.59624298e-01]
 [ 2.42340971e-01]
 [ 4.51686259e-01]
 [-1.32529877e+00]
 [ 1.65588431e+00]
 [-4.34450725e-01]
 [ 1.73769527e-02]
 [ 7.42055907e-01]
 [ 1.29917453e+00]
 [ 1.02500265e-01]
 [ 4.00520421e+00]
 [-7.79664127e-01]
 [-3.55117188e-01]
 [-1.07289929e+00]
 [ 1.00887885e+00]
 [-1.54173134e-01]
 [ 4.02177008e-01]
 [-1.19872277e-01]
 [-2.94336260e-01]
 [ 8.20749993e-01]
 [ 1.76866512e-01]
 [-1.66785145e-01]
 [ 1.95009451e+00]
 [-6.99799815e-01]
 [-2.81663074e-01]
 [-7.09155925e-01]
 [-2.96577606e-01]
 [-4.77417944e-01]
 [-1.41565271e-01]
 [ 9.75573040e-01]
 [-2.51813775e-01]
 [ 1.14089688e+00]
 [ 1.09103125e+00]
 [-8.47485396e-02]
 [ 4.11862913e-01]
 [-8.94190753e-01]
 [ 6.28090215e-01]
 [ 2.19442084e-01]
 [-5.46722328e-01]
 [-2.64072121e-01]
 [-4.89526332e-01]
 [ 3.00396093e+00]
 [-9.68841091e-01]
 [-3.59837181e-01]
 [ 5.71007779e-01]
 [-7.01779548e-01]
 [-7.44410748e-01]
 [ 5.91294931e-01]
 [ 1.76782016e+00]
 [-1.19815587e+00]
 [ 1.61489990e-01]
 [-5.70147011e-01]
 [ 7.22306773e-01]
 [ 1.54764075e+00]
 [ 8.40828134e-03]
 [ 1.37920754e+00]
 [-1.68991538e-01]
 [ 1.02881205e+00]
 [ 4.62996518e-01]
 [ 1.79898454e-01]
 [ 3.96208532e-01]
 [-3.09838109e-01]
 [ 9.98987853e-01]
 [-2.57858555e-01]
 [ 1.23093141e-01]
 [ 1.16232703e+00]
 [ 6.06713446e-01]
 [-6.73365336e-01]
 [-3.32981156e-01]
 [ 1.40768009e+00]
 [ 1.27813964e-02]
 [-4.82070007e-01]
 [ 5.18228772e-01]
 [ 2.70725142e-01]
 [-9.62175427e-02]
 [-2.65401699e-01]
 [-1.85906212e+00]
 [-1.43789711e+00]
 [ 1.64201839e+00]
 [ 8.47757381e-02]
 [-4.83470078e-01]
 [-1.22623713e-01]
 [ 3.17578476e-01]
 [-2.07986368e-01]
 [ 7.98138455e-01]
 [ 4.63018769e-01]
 [-4.79048046e-01]
 [-1.51247536e-01]
 [-2.55757381e-02]
 [-1.03358837e+00]
 [ 1.05798937e+00]
 [-1.00022817e+00]
 [ 8.11521909e-01]
 [ 1.83512917e-01]
 [ 2.06640611e-01]
 [-4.11571364e-01]
 [ 1.09975129e+00]
 [ 4.00342366e-01]
 [-1.18001407e-02]
 [-9.56618417e-01]
 [-1.98628245e-01]
 [ 1.46466160e+00]
 [-6.80539845e-01]
 [ 7.33132577e-01]
 [ 1.15849099e+00]
 [ 1.31142332e+00]
 [-1.29143945e+00]
 [-7.89766022e-01]
 [-1.11797339e+00]
 [ 9.54885056e-01]
 [ 5.95341301e-01]
 [ 7.53371915e-02]
 [ 1.27528483e+00]
 [ 4.73587716e-01]
 [ 8.64443593e-01]
 [-7.34394496e-01]
 [-7.24240741e-01]
 [ 7.20176536e-01]
 [-5.45067937e-01]
 [ 2.94388742e+00]
 [ 2.60295406e+00]
 [-3.70463552e-01]
 [ 6.49950057e-01]
 [-4.06377322e-01]
 [-4.52429919e-01]
 [-1.25438431e-01]
 [-2.03975764e-02]
 [-3.95837990e-01]
 [ 1.96209924e-01]
 [-1.42173123e+00]
 [-2.15379398e+00]
 [-4.79892457e-01]
 [-7.54397760e-01]
 [ 4.45271838e-01]
 [ 3.10070278e-01]
 [-4.02256054e-01]
 [ 1.66255205e+00]
 [ 2.84004595e-01]
 [-1.47620066e+00]
 [ 5.37971303e-01]
 [ 2.29368820e-01]
 [ 1.41740140e+00]
 [ 7.69688328e-01]
 [-1.34492586e+00]
 [-3.04135431e-01]
 [-9.60853997e-01]
 [-4.03427161e-01]
 [-1.08490962e-01]
 [-5.59759622e-01]
 [-4.03586973e-01]
 [-8.75383782e-01]
 [-9.31796079e-01]
 [-8.06382258e-01]
 [-2.54880642e-02]
 [-1.55170591e+00]
 [-7.41349554e-01]
 [-6.33146274e-02]
 [ 1.26681570e+00]
 [ 1.88517895e+00]
 [-7.55607095e-01]
 [ 3.74088112e-01]
 [ 5.81944107e-01]
 [-1.35873743e+00]
 [-4.41388709e-01]
 [-1.88086021e+00]
 [-4.43717352e-01]
 [ 9.55624182e-01]
 [ 1.31492027e+00]
 [ 1.44838136e-02]
 [-7.89400723e-01]
 [ 3.51871265e-02]
 [ 9.05517967e-01]
 [-7.35644965e-02]
 [-1.12237712e-01]
 [-1.00171767e+00]
 [-1.42040322e+00]
 [-1.64187808e+00]
 [-6.86987311e-01]
 [ 1.94020219e+00]
 [ 1.99240698e+00]
 [-5.72196550e-01]
 [-1.04889171e+00]
 [ 2.97181121e-01]
 [ 8.04518382e-01]
 [ 6.00408873e-01]
 [-1.15758942e+00]
 [ 7.61353053e-01]
 [ 1.13166557e-01]
 [-6.34509305e-01]
 [ 1.41573917e+00]
 [ 6.67773152e-01]
 [-9.81254980e-01]
 [-1.06608884e+00]
 [-4.28888262e-01]
 [ 9.63122764e-01]
 [-7.34849556e-01]
 [-2.76659131e-01]
 [ 2.03852071e+00]
 [ 1.09499177e+00]
 [ 3.29875963e-01]
 [-3.95879408e-01]
 [ 1.31706021e+00]
 [ 9.03520302e-01]
 [-2.26640011e-02]
 [ 9.08155705e-01]
 [ 1.61798868e+00]
 [ 8.12632616e-01]
 [-2.17104282e+00]
 [-4.44222742e-01]
 [ 5.57801463e-01]
 [-8.13467282e-02]
 [ 1.12911157e+00]
 [ 1.18761953e+00]
 [-1.01106510e+00]
 [-8.74518150e-01]
 [-6.94870954e-01]
 [ 6.53302299e-01]
 [-3.87236076e-01]
 [-2.12684381e+00]
 [-1.22522838e+00]
 [ 8.33256656e-01]
 [ 6.83437149e-01]
 [ 9.15953059e-01]
 [-2.55914853e-01]
 [-2.75353356e-01]
 [-1.20477963e-01]
 [ 2.46168667e+00]
 [-1.28905830e+00]
 [-1.14410231e+00]
 [ 1.67805538e+00]
 [-2.53398944e-01]
 [-1.91976800e-02]
 [-5.35032185e-01]
 [ 9.27205119e-01]
 [-3.44253954e-01]
 [ 1.11968857e-01]
 [ 6.55733332e-01]
 [-7.52952376e-01]
 [-8.39180289e-01]
 [-3.22598661e-01]
 [-9.99271918e-01]
 [ 3.09156667e-01]
 [-6.76956282e-01]
 [-8.42641917e-01]
 [-7.97486356e-01]
 [ 2.51002335e-01]
 [ 9.10863540e-01]
 [ 5.28004994e-02]
 [ 1.74281984e-01]
 [-1.31200474e-01]
 [-2.70279877e-01]
 [ 7.74768402e-01]
 [ 1.66066446e+00]
 [-5.25542582e-01]
 [-1.10648517e+00]
 [ 8.18238420e-01]
 [-2.42818813e+00]
 [-2.76635836e+00]
 [-1.41599481e+00]
 [ 2.01110022e+00]
 [-1.63294890e+00]
 [ 1.86064435e-01]
 [-4.63418250e-01]
 [ 1.20089823e+00]
 [-1.84099325e+00]
 [ 7.06173279e-01]
 [ 3.12232179e-01]
 [-2.16373387e+00]
 [ 4.73325873e-01]
 [ 7.31971597e-01]
 [ 9.82957378e-02]
 [-1.57715426e+00]
 [ 1.20463382e+00]
 [-4.34603695e-01]
 [-5.60580673e-01]
 [-9.20589247e-02]
 [-3.15235183e-01]
 [ 5.02986548e-01]
 [ 8.31848186e-01]
 [ 3.45167762e-01]
 [-8.77501679e-01]
 [ 4.47800712e-01]
 [ 1.49789576e+00]
 [ 1.87745042e+00]
 [-9.65402575e-01]
 [ 4.83649603e-01]
 [ 9.12164607e-01]
 [-2.79931899e-01]
 [ 1.34232663e+00]
 [ 5.53855294e-01]
 [ 1.10504363e+00]
 [-1.59403524e+00]
 [-5.13248580e-01]
 [-1.42988672e+00]
 [ 4.92803813e-01]
 [-2.16174926e+00]
 [-1.24786872e+00]
 [ 1.61827164e+00]
 [-1.06057483e+00]
 [-8.64961389e-02]
 [ 1.24267491e+00]
 [-6.93359150e-01]
 [-3.25262793e-01]
 [-1.29536325e+00]
 [-8.38078226e-01]
 [-3.35772972e-01]
 [ 3.60871693e-01]
 [ 3.38374697e-01]
 [ 5.52118609e-01]
 [-5.26056378e-02]
 [-1.55531690e+00]
 [ 6.85451839e-01]
 [-7.23323647e-01]
 [ 1.84825041e+00]
 [-9.28942942e-01]
 [ 7.09857664e-01]
 [-4.41401908e-01]
 [ 5.42779961e-01]
 [-1.76631142e-01]
 [ 1.22304873e+00]
 [-2.88842835e-02]
 [-2.86017098e-01]
 [-6.80657660e-02]
 [ 1.82237957e+00]
 [ 6.50014167e-01]
 [ 1.82063259e+00]
 [-1.17703430e+00]
 [-9.83046012e-01]
 [-1.86162356e+00]
 [ 2.76114427e-01]
 [-1.81169692e-01]
 [ 3.51830992e-01]
 [-1.41862948e+00]
 [-1.04822973e-01]
 [ 7.64428260e-02]
 [-1.71297258e+00]
 [ 2.67444212e-02]
 [ 1.04660654e+00]
 [ 5.90032381e-01]
 [-1.67146640e-03]
 [-1.18955909e+00]
 [-1.38207076e-01]
 [-1.28076367e+00]
 [-1.52074840e+00]
 [ 9.99073884e-01]
 [ 8.52180836e-01]
 [-8.56567690e-01]
 [-8.13386863e-01]
 [-5.67333943e-01]
 [-2.29007757e-01]
 [ 2.71455005e+00]
 [ 1.19856834e+00]
 [-2.14316117e+00]
 [ 8.94149415e-02]
 [ 9.67058204e-01]
 [-1.05828780e+00]
 [-1.16242025e+00]
 [ 1.12323882e+00]
 [ 5.28693962e-02]
 [-1.22449020e-01]
 [-2.55642992e-01]
 [-3.41477898e-01]]
Layer Bias: [[2.53709139]]

Predictions: [1.0, 0.0, 0.0, 0.0, 0.0, 0.0, 1.0, 0.0, 0.0, 1.0, 0.0, 0.0, 0.0, 0.0, 0.0, 0.0, 0.0, 0.0, 0.0, 0.0, 0.0, 0.0, 1.0, 0.0, 0.0, 1.0, 0.0, 0.0, 0.0, 0.0, 0.0, 0.0, 0.0, 0.0, 0.0, 0.0, 0.0, 0.0, 0.0, 0.0, 0.0, 0.0, 0.0, 0.0, 0.0, 0.0, 0.0, 0.0, 0.0, 0.0, 0.0, 0.0, 1.0, 0.0, 0.0, 0.0, 0.0, 0.0, 0.0, 0.0, 0.0, 0.0, 0.0, 0.0, 0.0, 0.0, 0.0, 0.0, 1.0, 0.0, 0.0, 0.0, 0.0, 0.0, 0.0, 0.0, 1.0, 0.0, 1.0, 0.0, 0.0, 0.0, 0.0, 0.0, 0.0, 0.0, 0.0, 0.0, 0.0, 0.0, 0.0, 0.0, 0.0, 0.0, 0.0, 0.0, 0.0, 0.0, 0.0, 0.0, 1.0, 0.0, 0.0, 0.0, 0.0, 0.0, 0.0, 0.0, 0.0, 0.0, 0.0, 0.0, 0.0, 0.0, 1.0, 0.0, 0.0, 0.0, 0.0, 0.0, 0.0, 0.0, 1.0, 0.0, 0.0, 0.0, 0.0, 1.0, 0.0, 0.0, 0.0, 0.0, 0.0, 0.0, 0.0, 0.0, 0.0, 0.0, 0.0, 0.0, 0.0, 0.0, 0.0, 0.0, 0.0, 0.0, 0.0, 1.0, 0.0, 0.0, 1.0, 0.0, 0.0, 0.0, 1.0, 0.0, 0.0, 0.0, 0.0, 0.0, 0.0, 0.0, 0.0, 0.0, 0.0, 0.0, 0.0, 0.0, 0.0, 0.0, 1.0, 0.0, 0.0, 0.0, 0.0, 0.0, 0.0, 0.0, 0.0, 0.0, 0.0, 0.0, 0.0, 0.0, 0.0, 0.0, 0.0, 0.0, 0.0, 0.0, 0.0, 0.0, 0.0, 0.0, 0.0, 0.0, 0.0, 0.0, 0.0, 0.0, 0.0, 0.0, 0.0, 0.0, 0.0, 0.0, 0.0, 1.0, 0.0, 0.0, 0.0, 0.0, 0.0, 0.0, 0.0, 0.0, 1.0, 0.0, 0.0, 0.0, 0.0, 0.0, 0.0, 0.0, 0.0, 0.0, 0.0, 0.0, 0.0, 0.0, 0.0, 1.0, 0.0, 0.0, 0.0, 0.0, 0.0, 0.0, 0.0, 0.0, 0.0, 0.0, 0.0, 0.0, 0.0, 0.0, 0.0, 0.0, 0.0, 0.0, 0.0, 0.0, 0.0, 0.0, 0.0, 0.0, 0.0, 0.0, 0.0, 0.0, 0.0, 0.0, 0.0, 0.0, 0.0, 0.0, 0.0, 0.0, 0.0, 0.0, 1.0, 0.0, 0.0, 1.0, 0.0, 0.0, 0.0, 0.0, 0.0, 0.0, 1.0, 0.0, 1.0, 0.0, 0.0, 0.0, 0.0, 0.0, 0.0, 0.0, 0.0, 1.0, 0.0, 0.0, 0.0, 0.0, 1.0, 0.0, 0.0, 0.0, 0.0, 0.0, 0.0, 0.0, 0.0, 0.0, 0.0, 0.0, 0.0, 0.0, 0.0, 0.0, 0.0, 1.0, 0.0, 0.0, 0.0, 0.0, 0.0, 0.0, 0.0, 0.0, 0.0, 0.0, 0.0, 0.0, 1.0, 0.0, 0.0, 0.0, 1.0, 0.0, 0.0, 0.0, 1.0, 0.0, 1.0, 0.0, 0.0, 0.0, 0.0, 0.0, 0.0, 0.0, 0.0, 0.0, 0.0, 0.0, 0.0, 0.0, 0.0, 0.0, 1.0, 0.0, 0.0, 0.0, 0.0, 0.0, 0.0, 0.0, 0.0, 0.0, 0.0, 0.0, 0.0, 0.0, 0.0, 1.0, 0.0, 0.0, 0.0, 0.0, 0.0, 0.0, 0.0, 0.0, 0.0, 0.0, 0.0, 0.0, 1.0, 0.0, 0.0, 0.0, 0.0, 0.0, 0.0, 0.0, 0.0, 0.0, 0.0, 0.0, 0.0, 0.0, 0.0, 0.0, 1.0, 0.0, 0.0, 0.0, 0.0, 0.0, 0.0, 0.0, 0.0, 0.0, 0.0, 0.0, 0.0, 0.0, 0.0, 1.0, 0.0, 0.0, 0.0, 1.0, 0.0, 0.0, 0.0, 0.0, 0.0, 0.0, 0.0, 0.0, 0.0, 0.0, 0.0, 0.0, 0.0, 0.0, 0.0, 0.0, 1.0, 0.0, 0.0, 0.0, 0.0, 0.0, 0.0, 0.0, 0.0, 0.0, 0.0, 1.0, 0.0, 0.0, 0.0, 0.0, 0.0, 1.0, 0.0, 0.0, 0.0, 1.0, 0.0, 0.0, 0.0, 0.0, 0.0, 0.0, 0.0, 0.0, 0.0, 0.0, 0.0, 1.0, 0.0, 0.0, 1.0, 0.0, 0.0, 0.0, 0.0, 0.0, 0.0, 0.0, 0.0, 0.0, 1.0, 0.0, 0.0, 0.0, 0.0, 1.0, 0.0, 0.0, 0.0, 0.0, 0.0, 0.0, 0.0, 0.0, 0.0, 0.0, 0.0, 0.0, 0.0, 0.0, 0.0, 0.0, 1.0, 0.0, 0.0, 0.0, 0.0, 0.0, 0.0, 0.0, 0.0, 0.0, 0.0, 0.0, 0.0, 0.0, 0.0, 0.0, 0.0, 0.0, 0.0, 0.0, 0.0, 0.0, 0.0, 0.0, 0.0, 1.0, 0.0, 0.0, 0.0, 0.0, 0.0, 0.0, 0.0, 0.0, 0.0, 0.0, 1.0, 0.0, 0.0, 0.0, 0.0, 0.0, 0.0, 0.0, 0.0, 0.0, 1.0, 0.0, 0.0, 1.0, 0.0, 0.0, 0.0, 0.0, 1.0, 0.0, 0.0, 0.0, 0.0, 0.0, 0.0, 0.0, 0.0, 0.0, 1.0, 0.0, 0.0, 0.0, 0.0, 0.0, 0.0, 0.0, 0.0, 1.0, 0.0, 0.0, 0.0, 0.0, 0.0, 0.0, 0.0, 0.0, 0.0, 0.0, 0.0, 0.0, 0.0, 0.0, 0.0, 0.0, 0.0, 0.0, 0.0, 0.0, 0.0, 0.0, 0.0, 0.0, 0.0, 0.0, 1.0, 0.0, 0.0, 0.0, 1.0, 0.0, 0.0, 0.0, 0.0, 0.0, 0.0, 0.0, 0.0, 0.0, 0.0, 0.0, 0.0, 0.0, 0.0, 0.0, 0.0, 0.0, 0.0, 0.0, 0.0, 0.0, 0.0, 0.0, 0.0, 0.0, 0.0, 0.0, 0.0, 0.0, 0.0, 0.0, 0.0, 0.0, 0.0, 0.0, 0.0, 0.0, 0.0, 0.0, 0.0, 0.0, 0.0, 0.0, 1.0, 0.0, 0.0, 0.0, 0.0, 0.0, 0.0, 0.0, 0.0, 0.0, 0.0, 0.0, 1.0, 0.0, 0.0, 0.0, 0.0, 0.0, 0.0, 1.0, 0.0, 0.0, 0.0, 0.0, 0.0, 0.0, 0.0, 0.0, 0.0, 0.0, 0.0, 0.0, 0.0, 0.0, 1.0, 0.0, 0.0, 0.0, 0.0, 0.0, 0.0, 0.0, 0.0, 0.0, 0.0, 1.0, 0.0, 0.0, 0.0, 0.0, 0.0, 0.0, 0.0, 1.0, 0.0, 0.0, 1.0, 0.0, 0.0, 0.0, 0.0, 0.0, 0.0, 0.0, 0.0, 0.0, 1.0, 0.0, 0.0, 0.0, 0.0, 0.0, 0.0, 0.0, 0.0, 0.0, 1.0, 0.0, 0.0, 0.0, 0.0, 0.0, 0.0, 0.0, 0.0, 0.0, 1.0, 0.0, 0.0, 0.0, 0.0, 0.0, 1.0, 0.0, 0.0, 0.0, 0.0, 0.0, 0.0, 0.0, 0.0, 1.0, 0.0, 0.0, 0.0, 0.0, 0.0, 0.0, 0.0, 0.0, 0.0, 0.0, 0.0, 0.0, 0.0, 0.0, 0.0, 0.0, 0.0, 0.0, 0.0, 0.0, 0.0, 1.0, 0.0, 0.0, 0.0, 0.0, 0.0, 0.0, 0.0, 0.0, 0.0, 0.0, 0.0, 0.0, 0.0, 1.0, 0.0, 0.0, 0.0, 1.0, 0.0, 0.0, 0.0, 0.0, 0.0, 1.0, 0.0, 0.0, 0.0, 0.0, 0.0, 0.0, 0.0, 0.0, 0.0, 0.0, 0.0, 0.0, 0.0, 0.0, 0.0, 0.0, 0.0, 0.0, 0.0, 0.0, 0.0, 0.0, 0.0, 0.0, 0.0, 0.0, 1.0, 0.0, 0.0, 0.0, 0.0, 0.0, 0.0, 0.0, 0.0, 0.0, 0.0, 0.0, 0.0, 1.0, 1.0, 0.0, 0.0, 0.0, 1.0, 0.0, 0.0, 0.0, 0.0, 0.0, 0.0, 0.0, 0.0, 0.0, 0.0, 0.0, 0.0, 0.0, 0.0, 0.0, 0.0, 1.0, 0.0, 0.0, 1.0, 0.0, 0.0, 1.0, 0.0, 0.0, 0.0, 0.0, 0.0, 0.0, 0.0, 0.0, 0.0, 0.0, 0.0, 0.0, 0.0, 0.0, 0.0, 0.0, 0.0, 0.0, 0.0, 1.0, 0.0, 0.0, 1.0, 0.0, 0.0, 0.0, 0.0, 0.0, 0.0, 0.0, 0.0, 0.0, 0.0, 0.0, 0.0, 0.0, 1.0, 0.0, 0.0, 0.0, 0.0, 0.0, 0.0, 0.0, 0.0, 0.0, 0.0, 1.0, 0.0, 0.0, 0.0, 0.0, 0.0, 0.0, 0.0, 0.0, 0.0, 0.0, 0.0, 0.0, 0.0, 0.0, 0.0, 0.0, 0.0, 0.0, 0.0, 0.0, 1.0, 0.0, 0.0, 0.0, 0.0, 0.0, 0.0, 0.0, 0.0, 0.0, 0.0, 0.0, 0.0, 0.0, 0.0, 0.0, 0.0, 0.0, 0.0, 0.0, 0.0, 0.0, 0.0, 0.0, 0.0, 0.0, 0.0, 0.0, 0.0, 0.0, 0.0, 0.0, 0.0, 0.0, 0.0, 0.0, 0.0, 0.0, 0.0, 0.0, 0.0, 0.0, 0.0, 0.0, 0.0, 0.0, 0.0, 0.0, 0.0, 0.0, 0.0, 0.0, 0.0, 0.0, 0.0, 0.0, 0.0, 0.0, 0.0, 0.0, 1.0, 0.0, 0.0, 0.0, 0.0, 0.0, 0.0, 0.0, 0.0, 0.0, 0.0, 0.0, 0.0, 0.0, 0.0, 0.0, 0.0, 0.0, 0.0, 0.0, 0.0, 0.0, 0.0, 0.0, 0.0, 0.0, 0.0, 0.0, 0.0, 0.0, 0.0, 0.0, 0.0, 0.0, 0.0, 0.0, 0.0, 0.0, 0.0, 0.0, 0.0, 0.0, 0.0, 0.0, 1.0, 0.0, 1.0, 0.0, 0.0, 0.0, 0.0, 0.0, 0.0, 0.0, 0.0, 0.0, 0.0, 1.0, 0.0, 0.0, 0.0, 0.0, 0.0, 0.0, 0.0, 0.0, 0.0, 0.0, 0.0, 1.0, 0.0, 0.0, 0.0, 0.0, 0.0, 0.0, 0.0, 0.0, 1.0, 0.0, 0.0, 0.0, 0.0, 0.0, 1.0, 1.0, 0.0, 0.0, 0.0, 0.0, 0.0, 0.0, 0.0, 0.0, 0.0, 0.0, 0.0, 0.0, 0.0, 0.0, 0.0, 0.0, 0.0, 0.0, 1.0, 0.0, 0.0, 1.0, 0.0, 0.0, 0.0, 0.0, 0.0, 0.0, 0.0, 0.0, 1.0, 0.0, 0.0, 0.0, 0.0, 0.0, 0.0, 0.0, 0.0, 0.0, 0.0, 0.0, 0.0, 0.0, 1.0, 0.0, 0.0, 0.0, 0.0, 0.0, 0.0, 0.0, 0.0, 0.0, 0.0, 0.0, 0.0, 0.0, 0.0, 0.0, 0.0, 0.0, 0.0, 0.0, 0.0, 0.0, 0.0, 0.0, 0.0, 0.0, 0.0, 0.0, 0.0, 0.0, 0.0, 0.0, 0.0, 0.0, 0.0, 0.0, 0.0, 0.0, 0.0, 0.0, 1.0, 0.0, 0.0, 0.0, 0.0, 0.0, 0.0, 0.0, 0.0, 0.0, 0.0, 0.0, 0.0, 0.0, 0.0, 0.0, 0.0, 0.0, 0.0, 0.0, 0.0, 0.0, 0.0, 0.0, 0.0, 0.0, 0.0, 0.0, 0.0, 0.0, 0.0, 0.0, 0.0, 0.0, 1.0, 0.0, 1.0, 1.0, 0.0, 0.0, 0.0, 0.0, 0.0, 0.0, 0.0, 0.0, 0.0, 0.0, 0.0, 0.0, 0.0, 1.0, 0.0, 0.0, 0.0, 1.0, 1.0, 0.0, 0.0, 0.0, 1.0, 0.0, 0.0, 0.0, 0.0, 0.0, 0.0, 0.0, 0.0, 0.0, 1.0, 0.0, 0.0, 0.0, 0.0, 0.0, 0.0, 1.0, 0.0, 0.0, 0.0, 0.0, 0.0, 0.0, 0.0, 0.0, 0.0, 0.0, 0.0, 0.0, 0.0, 0.0, 0.0, 1.0, 0.0, 0.0, 0.0, 0.0, 0.0, 0.0, 0.0, 0.0, 0.0, 0.0, 0.0, 0.0, 0.0, 0.0, 0.0, 0.0, 0.0, 0.0, 0.0, 0.0, 0.0, 0.0, 0.0, 0.0, 0.0, 0.0, 0.0, 0.0, 0.0, 0.0, 0.0, 1.0, 0.0, 0.0, 0.0, 0.0, 0.0, 1.0, 0.0, 1.0, 0.0, 0.0, 0.0, 0.0, 0.0, 0.0, 0.0, 0.0, 0.0, 0.0, 0.0, 0.0, 0.0, 0.0, 0.0, 0.0, 0.0, 1.0, 0.0, 0.0, 0.0, 0.0, 0.0, 1.0, 0.0, 0.0, 0.0, 0.0, 0.0, 0.0, 0.0, 0.0, 0.0, 0.0, 0.0, 0.0, 0.0, 0.0, 0.0, 1.0, 0.0, 0.0, 0.0, 0.0, 0.0, 0.0, 0.0, 0.0, 0.0, 0.0, 0.0, 0.0, 0.0, 0.0, 0.0, 0.0, 0.0, 0.0, 0.0, 0.0, 0.0, 0.0, 0.0, 0.0, 0.0, 0.0, 0.0, 0.0, 0.0, 0.0, 0.0, 0.0, 0.0, 0.0, 0.0, 0.0, 0.0, 0.0, 0.0, 0.0, 0.0, 1.0, 0.0, 0.0, 0.0, 0.0, 0.0, 0.0, 0.0, 0.0, 1.0, 0.0, 0.0, 0.0, 0.0, 0.0, 0.0, 1.0, 0.0, 0.0, 0.0, 0.0, 0.0, 0.0, 0.0, 0.0, 0.0, 0.0, 0.0, 0.0, 0.0, 0.0, 0.0, 0.0, 0.0, 0.0, 0.0, 0.0, 0.0, 0.0, 0.0, 0.0, 0.0, 0.0, 0.0, 1.0, 0.0, 0.0, 0.0, 0.0, 0.0, 0.0, 0.0, 0.0, 0.0, 0.0, 0.0, 0.0, 0.0, 0.0, 0.0, 0.0, 0.0, 0.0, 0.0, 0.0, 0.0, 1.0, 0.0, 0.0, 0.0, 1.0, 0.0, 0.0, 0.0, 0.0, 0.0, 0.0, 0.0, 0.0, 0.0, 0.0, 0.0, 0.0, 0.0, 1.0, 0.0, 0.0, 1.0, 0.0, 0.0, 0.0, 0.0, 0.0, 0.0, 0.0, 0.0, 0.0, 0.0, 0.0, 0.0, 0.0, 0.0, 0.0, 0.0, 0.0, 0.0, 1.0, 0.0, 0.0, 0.0, 0.0, 0.0, 0.0, 0.0, 0.0, 0.0, 0.0, 0.0, 0.0, 0.0, 0.0, 0.0, 0.0, 0.0, 0.0, 1.0, 0.0, 0.0, 0.0, 0.0, 0.0, 0.0, 1.0, 0.0, 0.0, 0.0, 1.0, 0.0, 0.0, 0.0, 0.0, 0.0, 0.0, 0.0, 0.0, 0.0, 0.0, 0.0, 0.0, 0.0, 0.0, 0.0, 0.0, 1.0, 0.0, 0.0, 0.0, 0.0, 0.0, 0.0, 0.0, 0.0, 0.0, 0.0, 0.0, 0.0, 0.0, 0.0, 0.0, 0.0, 0.0, 0.0, 0.0, 0.0, 0.0, 0.0, 0.0, 0.0, 0.0, 0.0, 0.0, 0.0, 1.0, 0.0, 1.0, 0.0, 0.0, 0.0, 0.0, 0.0, 0.0, 0.0, 0.0, 0.0, 0.0, 0.0, 0.0, 0.0, 0.0, 0.0, 0.0, 0.0, 0.0, 0.0, 0.0, 0.0, 0.0, 0.0, 1.0, 1.0, 0.0, 0.0, 0.0, 0.0, 0.0, 0.0, 0.0, 0.0, 0.0, 0.0, 0.0, 0.0, 0.0, 0.0, 0.0, 0.0, 0.0, 0.0, 1.0, 0.0, 0.0, 0.0, 0.0, 0.0, 0.0, 1.0, 0.0, 1.0, 0.0, 0.0, 0.0, 0.0, 1.0, 0.0, 0.0, 0.0, 0.0, 0.0, 0.0, 0.0, 0.0, 0.0, 0.0, 0.0, 0.0, 0.0, 0.0, 0.0, 0.0, 0.0, 0.0, 0.0, 0.0, 0.0, 0.0, 0.0, 0.0, 0.0, 0.0, 0.0, 1.0, 0.0, 0.0, 0.0, 0.0, 0.0, 0.0, 0.0, 0.0, 0.0, 0.0, 0.0, 0.0, 0.0, 0.0, 0.0, 0.0, 0.0, 0.0, 0.0, 0.0, 0.0, 0.0, 0.0, 0.0, 0.0, 0.0, 0.0, 0.0, 1.0, 1.0, 0.0, 0.0, 0.0, 0.0, 0.0, 0.0, 0.0, 0.0, 0.0, 0.0, 0.0, 0.0, 1.0, 0.0, 0.0, 1.0, 0.0, 0.0, 0.0, 0.0, 0.0, 0.0, 0.0, 0.0, 0.0, 0.0, 0.0, 0.0, 0.0, 1.0, 0.0, 0.0, 0.0, 0.0, 0.0, 0.0, 0.0, 0.0, 0.0, 0.0, 0.0, 0.0, 0.0, 0.0, 0.0, 1.0, 0.0, 0.0, 0.0, 1.0, 0.0, 0.0, 0.0, 0.0, 0.0, 0.0, 0.0, 0.0, 0.0, 0.0, 0.0, 0.0, 0.0, 0.0, 0.0, 0.0, 0.0, 0.0, 0.0, 0.0, 0.0, 0.0, 0.0, 0.0, 1.0, 0.0, 0.0, 1.0, 0.0, 0.0, 0.0, 1.0, 0.0, 0.0, 0.0, 0.0, 0.0, 0.0, 0.0, 0.0, 0.0, 0.0, 0.0, 0.0, 1.0, 0.0, 0.0, 0.0, 0.0, 0.0, 0.0, 0.0, 0.0, 0.0, 0.0, 0.0, 0.0, 0.0, 0.0, 0.0, 0.0, 0.0, 0.0, 0.0, 1.0, 0.0, 1.0, 0.0, 0.0, 0.0, 0.0, 0.0, 0.0, 0.0, 0.0, 0.0, 0.0, 0.0, 0.0, 0.0, 1.0, 0.0, 0.0, 0.0, 0.0, 0.0, 0.0, 0.0, 0.0, 0.0, 0.0, 0.0, 0.0, 0.0, 0.0, 0.0, 0.0, 0.0, 0.0, 0.0, 0.0, 0.0, 0.0, 0.0, 0.0, 0.0, 1.0, 1.0, 0.0, 0.0, 1.0, 0.0, 0.0, 0.0, 0.0, 0.0, 0.0, 0.0, 0.0, 0.0, 0.0, 0.0, 0.0, 0.0, 0.0, 0.0, 0.0, 0.0, 0.0, 0.0, 0.0, 0.0, 0.0, 0.0, 0.0, 0.0, 0.0, 0.0, 0.0, 0.0, 0.0, 0.0, 0.0, 0.0, 0.0, 0.0, 0.0, 0.0, 0.0, 0.0, 1.0, 0.0, 0.0, 0.0, 0.0, 1.0, 0.0, 0.0, 0.0, 0.0, 1.0, 0.0, 1.0, 0.0, 0.0, 0.0, 0.0, 0.0, 0.0, 0.0, 0.0, 0.0, 0.0, 0.0, 0.0, 0.0, 0.0, 0.0, 1.0, 0.0, 0.0, 0.0, 0.0, 0.0, 0.0, 0.0, 1.0, 0.0, 0.0, 0.0, 0.0, 0.0, 0.0, 0.0, 0.0, 0.0, 1.0, 0.0, 1.0, 0.0, 0.0, 0.0, 0.0, 0.0, 0.0, 0.0, 0.0, 0.0, 0.0, 0.0, 0.0, 0.0, 0.0, 0.0, 0.0, 0.0, 1.0, 0.0, 0.0, 0.0, 1.0, 0.0, 1.0, 0.0, 0.0, 0.0, 0.0, 1.0, 0.0, 0.0, 1.0, 0.0, 0.0, 0.0, 0.0, 0.0, 0.0, 0.0, 0.0, 0.0, 0.0, 0.0, 0.0, 0.0, 0.0, 0.0, 0.0, 0.0, 0.0, 0.0, 0.0, 0.0, 0.0, 0.0, 0.0, 0.0, 0.0, 1.0, 0.0, 0.0, 0.0, 0.0, 0.0, 0.0, 0.0, 0.0, 0.0, 0.0, 0.0, 1.0, 0.0, 0.0, 0.0, 0.0, 0.0, 0.0, 0.0, 0.0, 0.0, 0.0, 0.0, 0.0, 0.0, 0.0, 0.0, 1.0, 0.0, 0.0, 0.0, 0.0, 0.0, 0.0, 0.0, 0.0, 1.0, 0.0, 0.0, 0.0, 0.0, 1.0, 0.0, 0.0, 0.0, 0.0, 0.0, 0.0, 0.0, 0.0, 0.0, 0.0, 0.0, 0.0, 0.0, 0.0, 0.0, 0.0, 0.0, 0.0, 0.0, 0.0, 0.0, 1.0, 0.0, 0.0, 0.0, 0.0, 0.0, 0.0, 0.0, 0.0, 0.0, 0.0, 0.0, 0.0, 0.0, 0.0, 0.0, 0.0, 0.0, 0.0, 0.0, 1.0, 0.0, 0.0, 0.0, 0.0, 0.0, 0.0, 1.0, 0.0, 0.0, 0.0, 0.0, 0.0, 0.0, 0.0, 0.0, 0.0, 0.0, 0.0, 0.0, 0.0, 0.0, 0.0, 0.0, 0.0, 0.0, 0.0, 0.0, 0.0, 0.0, 0.0, 0.0, 0.0, 0.0, 0.0, 0.0, 0.0, 0.0, 0.0, 0.0, 0.0, 0.0, 0.0, 0.0, 0.0, 0.0, 0.0, 0.0, 0.0, 0.0, 0.0, 0.0, 1.0, 0.0, 0.0, 0.0, 0.0, 0.0, 0.0, 0.0, 0.0, 0.0, 0.0, 0.0, 0.0, 1.0, 0.0, 0.0, 0.0, 0.0, 0.0, 0.0, 0.0, 0.0, 0.0, 0.0, 0.0, 0.0, 1.0, 0.0, 0.0, 0.0, 0.0, 0.0, 0.0, 0.0, 0.0, 0.0, 0.0, 0.0, 0.0, 0.0, 0.0, 0.0, 0.0, 0.0, 0.0, 0.0, 0.0, 0.0, 0.0, 1.0, 0.0, 0.0, 0.0, 0.0, 0.0, 0.0, 0.0, 0.0, 0.0, 0.0, 0.0, 0.0, 0.0, 0.0, 0.0, 0.0, 0.0, 0.0, 0.0, 0.0, 0.0, 0.0, 0.0, 0.0, 0.0, 0.0, 0.0, 0.0, 0.0, 0.0, 0.0, 0.0, 0.0, 0.0, 0.0, 0.0, 1.0, 0.0, 0.0, 0.0, 0.0, 0.0, 0.0, 0.0, 0.0, 0.0, 0.0, 0.0, 0.0, 0.0, 0.0, 0.0, 0.0, 0.0, 0.0, 0.0, 0.0, 0.0, 0.0, 0.0, 0.0, 0.0, 1.0, 0.0, 1.0, 1.0, 0.0, 0.0, 0.0, 0.0, 0.0, 0.0, 1.0, 0.0, 0.0, 0.0, 0.0, 0.0, 0.0, 1.0, 0.0, 0.0, 0.0, 0.0, 0.0, 0.0, 0.0, 0.0, 1.0, 0.0, 0.0, 1.0, 0.0, 0.0, 1.0, 0.0, 0.0, 0.0, 0.0, 0.0, 0.0, 0.0, 0.0, 0.0, 0.0, 0.0, 0.0, 0.0, 0.0, 0.0, 0.0, 0.0, 0.0, 0.0, 0.0, 0.0, 0.0, 0.0, 0.0, 0.0, 0.0, 0.0, 0.0, 0.0, 0.0, 0.0, 1.0, 0.0, 0.0, 0.0, 0.0, 0.0, 0.0, 0.0, 0.0, 0.0, 0.0, 0.0, 0.0, 0.0, 0.0, 0.0, 0.0, 0.0, 0.0, 0.0, 0.0, 1.0, 0.0, 0.0, 0.0, 0.0, 0.0, 0.0, 1.0, 0.0, 0.0, 0.0, 0.0, 0.0, 0.0, 0.0, 0.0, 0.0, 0.0, 0.0, 0.0, 0.0, 0.0, 1.0, 0.0, 0.0, 0.0, 0.0, 0.0, 0.0, 0.0, 0.0, 0.0, 0.0, 0.0, 0.0, 0.0, 0.0, 0.0, 0.0, 1.0, 0.0, 0.0, 0.0, 0.0, 0.0, 0.0, 0.0, 1.0, 0.0, 0.0, 0.0, 0.0, 0.0, 0.0, 0.0, 0.0, 0.0, 0.0, 0.0, 0.0, 0.0, 0.0, 0.0, 0.0, 1.0, 0.0, 0.0, 0.0, 0.0, 0.0, 0.0, 0.0, 0.0, 0.0, 1.0, 0.0, 0.0, 0.0, 0.0, 0.0, 0.0, 0.0, 0.0, 0.0, 1.0, 1.0, 0.0, 0.0, 1.0, 0.0, 1.0, 0.0, 0.0, 0.0, 0.0, 0.0, 0.0, 0.0, 1.0, 0.0, 0.0, 0.0, 0.0, 0.0, 0.0, 0.0, 0.0, 0.0, 0.0, 0.0, 0.0, 0.0, 0.0, 1.0, 0.0, 0.0, 0.0, 0.0, 0.0, 0.0, 0.0, 0.0, 0.0, 0.0, 0.0, 0.0, 0.0, 0.0, 0.0, 0.0, 0.0, 0.0, 0.0, 0.0, 0.0, 0.0, 0.0, 0.0, 0.0, 0.0, 0.0, 0.0, 0.0, 0.0, 0.0, 0.0, 0.0, 0.0, 0.0, 0.0, 0.0, 0.0, 1.0, 0.0, 0.0, 0.0, 0.0, 0.0, 0.0, 0.0, 0.0, 0.0, 0.0, 0.0, 0.0, 0.0, 0.0, 0.0, 0.0, 0.0, 0.0, 0.0, 0.0, 0.0, 1.0, 0.0, 0.0, 1.0, 0.0, 0.0, 0.0, 0.0, 1.0, 0.0, 0.0, 0.0, 0.0, 0.0, 0.0, 0.0, 0.0, 0.0, 0.0, 0.0, 1.0, 1.0, 0.0, 0.0, 0.0, 0.0, 0.0, 0.0, 0.0, 0.0, 0.0, 0.0, 0.0, 1.0, 0.0, 0.0, 0.0, 0.0, 0.0, 0.0, 0.0, 0.0, 0.0, 0.0, 0.0, 0.0, 0.0, 0.0, 0.0, 0.0, 0.0, 0.0, 0.0, 0.0, 0.0, 0.0, 0.0, 0.0, 0.0, 0.0, 0.0, 1.0, 0.0, 0.0, 0.0, 0.0, 0.0, 0.0, 0.0, 0.0, 0.0, 0.0, 0.0, 0.0, 0.0, 0.0, 0.0, 0.0, 0.0, 1.0, 0.0, 0.0, 0.0, 0.0, 0.0, 0.0, 0.0, 0.0, 0.0, 0.0, 0.0, 1.0, 0.0, 0.0, 0.0, 0.0, 0.0, 0.0, 0.0, 0.0, 0.0, 0.0, 0.0, 0.0, 0.0, 0.0, 0.0, 0.0, 0.0, 0.0, 0.0, 0.0, 0.0, 0.0, 0.0, 0.0, 0.0, 0.0, 0.0, 0.0, 0.0, 0.0, 1.0, 0.0, 0.0, 0.0, 0.0, 0.0, 0.0, 0.0, 0.0, 0.0, 0.0, 0.0, 0.0, 0.0, 1.0, 0.0, 1.0, 1.0, 0.0, 0.0, 0.0, 0.0, 0.0, 0.0, 0.0, 0.0, 0.0, 0.0, 0.0, 0.0, 0.0, 0.0, 0.0, 0.0, 0.0, 0.0, 0.0, 0.0, 0.0, 0.0, 0.0, 0.0, 0.0, 0.0, 0.0, 0.0, 0.0, 0.0, 0.0, 0.0, 0.0, 0.0, 0.0, 0.0, 0.0, 0.0, 0.0, 0.0, 0.0, 0.0, 0.0, 0.0, 0.0, 0.0, 0.0, 0.0, 0.0, 0.0, 0.0, 0.0, 0.0, 0.0, 0.0, 1.0, 0.0, 0.0, 0.0, 0.0, 0.0, 0.0, 0.0, 0.0, 0.0, 0.0, 0.0, 1.0, 0.0, 0.0, 0.0, 0.0, 1.0, 0.0, 0.0, 0.0, 0.0, 1.0, 0.0, 0.0, 1.0, 0.0, 0.0, 0.0, 1.0, 0.0, 1.0, 0.0, 0.0, 1.0, 0.0, 0.0, 0.0, 0.0, 0.0, 0.0, 0.0, 1.0, 0.0, 0.0, 0.0, 0.0, 0.0, 0.0, 0.0, 0.0, 0.0, 0.0, 0.0, 0.0, 0.0, 0.0, 0.0, 0.0, 0.0, 0.0, 0.0, 0.0, 0.0, 0.0, 0.0, 0.0, 0.0, 0.0, 0.0, 0.0, 0.0, 0.0, 0.0, 0.0, 1.0, 0.0, 0.0, 0.0, 0.0, 0.0, 0.0, 0.0, 0.0, 0.0, 0.0, 0.0, 0.0, 0.0, 0.0, 0.0, 0.0, 0.0, 0.0, 0.0, 0.0, 0.0, 0.0, 0.0, 0.0, 0.0, 0.0, 0.0, 0.0, 0.0, 0.0, 0.0, 1.0, 0.0, 0.0, 0.0, 0.0, 0.0, 0.0, 0.0, 0.0, 0.0, 0.0, 0.0, 0.0, 0.0, 0.0, 0.0, 1.0, 0.0, 0.0, 0.0, 0.0, 1.0, 0.0, 0.0, 0.0, 0.0, 1.0, 0.0, 0.0, 0.0, 0.0, 0.0, 0.0, 0.0, 1.0, 0.0, 0.0, 0.0, 1.0, 0.0, 0.0, 0.0, 1.0, 0.0, 0.0, 0.0, 0.0, 0.0, 0.0, 0.0, 0.0, 0.0, 0.0, 0.0, 0.0, 0.0, 0.0, 0.0, 0.0, 0.0, 0.0, 0.0, 0.0, 0.0, 0.0, 0.0, 0.0, 0.0, 0.0, 0.0, 0.0, 0.0, 1.0, 0.0, 0.0, 1.0, 0.0, 0.0, 0.0, 0.0, 1.0, 0.0, 0.0, 0.0, 0.0, 0.0, 1.0, 0.0, 0.0, 0.0, 0.0, 0.0, 0.0, 0.0, 0.0, 0.0, 0.0, 0.0, 0.0, 0.0, 0.0, 0.0, 0.0, 0.0, 0.0, 0.0, 0.0, 0.0, 0.0, 0.0, 0.0, 0.0, 0.0, 0.0, 0.0, 0.0, 0.0, 0.0, 0.0, 0.0, 0.0, 0.0, 1.0, 0.0, 0.0, 0.0, 1.0, 0.0, 0.0, 0.0, 0.0, 0.0, 0.0, 0.0, 0.0, 0.0, 0.0, 0.0, 0.0, 0.0, 0.0, 0.0, 0.0, 0.0, 0.0, 0.0, 0.0, 0.0, 0.0, 0.0, 0.0, 0.0, 0.0, 0.0, 0.0, 0.0, 0.0, 0.0, 0.0, 0.0, 0.0, 0.0, 0.0, 0.0, 0.0, 0.0, 0.0, 0.0, 0.0, 0.0, 0.0, 0.0, 0.0, 0.0, 0.0, 1.0, 0.0, 0.0, 0.0, 0.0, 0.0, 0.0, 0.0, 0.0, 0.0, 0.0, 0.0, 0.0, 1.0, 0.0, 0.0, 0.0, 0.0, 0.0, 0.0, 0.0, 0.0, 0.0, 0.0, 0.0, 0.0, 0.0, 0.0, 0.0, 0.0, 0.0, 0.0, 0.0, 0.0, 0.0, 0.0, 0.0, 0.0, 1.0, 0.0, 0.0, 0.0, 0.0, 0.0, 0.0, 0.0, 0.0, 0.0, 0.0, 0.0, 0.0, 0.0, 0.0, 1.0, 0.0, 1.0, 0.0, 0.0, 0.0, 0.0, 0.0, 0.0, 0.0, 0.0, 1.0, 0.0, 0.0, 0.0, 0.0, 0.0, 0.0, 0.0, 0.0, 0.0, 0.0, 0.0, 0.0, 0.0, 0.0, 0.0, 0.0, 0.0, 0.0, 1.0, 0.0, 0.0, 0.0, 0.0, 0.0, 0.0, 0.0, 0.0, 0.0, 0.0, 0.0, 0.0, 0.0, 0.0, 0.0, 0.0, 0.0, 0.0, 0.0, 0.0, 0.0, 0.0, 0.0, 0.0, 0.0, 0.0, 0.0, 0.0, 0.0, 0.0, 0.0, 0.0, 0.0, 0.0, 0.0, 0.0, 0.0, 0.0, 0.0, 0.0, 0.0, 0.0, 1.0, 0.0, 0.0, 0.0, 0.0, 0.0, 0.0, 0.0, 0.0, 0.0, 0.0, 0.0, 0.0, 1.0, 0.0, 0.0, 0.0, 0.0, 0.0, 0.0, 0.0, 0.0, 0.0, 0.0, 0.0, 0.0, 0.0, 0.0, 0.0, 0.0, 0.0, 0.0, 0.0, 0.0, 0.0, 0.0, 0.0, 0.0, 0.0, 0.0, 0.0, 0.0, 0.0, 0.0, 0.0, 0.0, 0.0, 0.0, 0.0, 0.0, 0.0, 1.0, 0.0, 0.0, 0.0, 0.0, 0.0, 0.0, 0.0, 0.0, 0.0, 1.0, 0.0, 1.0, 0.0, 0.0, 0.0, 0.0, 0.0, 0.0, 0.0, 0.0, 0.0, 1.0, 0.0, 0.0, 0.0, 0.0, 0.0, 0.0, 0.0, 0.0, 0.0, 0.0, 0.0, 0.0, 0.0, 0.0, 0.0, 0.0, 0.0, 0.0, 0.0, 0.0, 0.0, 0.0, 0.0, 0.0, 0.0, 0.0, 0.0, 1.0, 0.0, 0.0, 0.0, 0.0, 0.0, 0.0, 0.0, 0.0, 0.0, 0.0, 0.0, 1.0, 0.0, 0.0, 0.0, 0.0, 0.0, 0.0, 0.0, 0.0, 0.0, 0.0, 0.0, 0.0, 0.0, 0.0, 0.0, 0.0, 0.0, 0.0, 0.0, 0.0, 0.0, 0.0, 0.0, 0.0, 0.0, 0.0, 0.0, 0.0, 0.0, 0.0, 1.0, 0.0, 1.0, 0.0, 0.0, 0.0, 0.0, 0.0, 0.0, 0.0, 0.0, 0.0, 0.0, 0.0, 0.0, 0.0, 0.0, 0.0, 0.0, 0.0, 0.0, 0.0, 0.0, 0.0, 0.0, 0.0, 0.0, 0.0, 0.0, 0.0, 0.0, 0.0, 0.0, 0.0, 0.0, 0.0, 0.0, 0.0, 0.0, 0.0, 0.0, 0.0, 0.0, 0.0, 0.0, 0.0, 0.0, 0.0, 0.0, 0.0, 1.0, 0.0, 0.0, 0.0, 0.0, 0.0, 0.0, 0.0, 0.0, 1.0, 0.0, 0.0, 0.0, 1.0, 0.0, 0.0, 0.0, 0.0, 0.0, 0.0, 0.0, 0.0, 0.0, 0.0, 0.0, 0.0, 0.0, 0.0, 0.0, 0.0, 1.0, 1.0, 1.0, 0.0, 0.0, 0.0, 0.0, 0.0, 0.0, 0.0, 0.0, 0.0, 0.0, 0.0, 0.0, 0.0, 0.0, 0.0, 0.0, 0.0, 0.0, 0.0, 0.0, 0.0, 0.0, 0.0, 0.0, 0.0, 0.0, 0.0, 0.0, 0.0, 0.0, 0.0, 0.0, 0.0, 0.0, 0.0, 0.0, 0.0, 0.0, 0.0, 0.0, 0.0, 0.0, 0.0, 0.0, 1.0, 0.0, 0.0, 0.0, 1.0, 0.0, 0.0, 0.0, 0.0, 0.0, 0.0, 0.0, 0.0, 0.0, 0.0, 0.0, 0.0, 0.0, 0.0, 0.0, 0.0, 0.0, 1.0, 0.0, 0.0, 0.0, 0.0, 1.0, 0.0, 0.0, 0.0, 0.0, 0.0, 0.0, 0.0, 0.0, 0.0, 0.0, 0.0, 0.0, 0.0, 0.0, 1.0, 0.0, 0.0, 0.0, 1.0, 0.0, 0.0, 0.0, 0.0, 0.0, 0.0, 0.0, 0.0, 0.0, 1.0, 0.0, 0.0, 0.0, 1.0, 0.0, 1.0, 0.0, 0.0, 0.0, 0.0, 0.0, 0.0, 0.0, 0.0, 0.0, 0.0, 0.0, 0.0, 0.0, 0.0, 0.0, 0.0, 0.0, 0.0, 0.0, 0.0, 0.0, 0.0, 0.0, 0.0, 0.0, 0.0, 0.0, 0.0, 0.0, 0.0, 0.0, 0.0, 0.0, 0.0, 1.0, 0.0, 0.0, 0.0, 0.0, 0.0, 0.0, 1.0, 0.0, 0.0, 0.0, 0.0, 0.0, 0.0, 0.0, 0.0, 0.0, 0.0, 0.0, 0.0, 0.0, 0.0, 0.0, 0.0, 0.0, 0.0, 0.0, 0.0, 0.0, 0.0, 0.0, 0.0, 0.0, 0.0, 0.0, 0.0, 0.0, 0.0, 0.0, 0.0, 0.0, 0.0, 0.0, 0.0, 0.0, 0.0, 0.0, 0.0, 0.0, 0.0, 0.0, 0.0, 0.0, 0.0, 0.0, 0.0, 0.0, 0.0, 1.0, 0.0, 0.0, 0.0, 0.0, 0.0, 0.0, 0.0, 0.0, 0.0, 1.0, 0.0, 0.0, 1.0, 0.0, 0.0, 0.0, 1.0, 0.0, 0.0, 0.0, 0.0, 0.0, 0.0, 0.0, 0.0, 0.0, 0.0, 0.0, 0.0, 0.0, 0.0, 0.0, 0.0, 0.0, 0.0, 0.0, 0.0, 0.0, 0.0, 0.0, 0.0, 1.0, 0.0, 0.0, 0.0, 0.0, 0.0, 0.0, 0.0, 0.0, 0.0, 0.0, 1.0, 0.0, 0.0, 0.0, 0.0]