Test Accuracy: 0.9692651578653255
Test F1: 0.8253968253968254

Neural Network Weights and Biases:Layer: 0
Layer Weights: [[ 1.73289707e+00  7.88814861e-01  1.05196810e+00  9.10481999e-01
   6.37383289e-01 -1.12754786e+00  1.26392556e+00  1.69911880e+00
  -9.99061417e-01 -1.30156542e-01  2.69612016e-01 -3.90431504e-01
  -7.80091935e-01 -5.03302267e-01  7.09674159e-01 -2.01536818e-01
  -1.09903087e+00 -2.08019277e+00  6.75893821e-02  2.60132512e-01
  -3.65670682e-01 -1.02510657e+00  7.95028775e-01 -8.25649246e-01
   1.36198476e+00  1.48353657e-02 -2.43598110e-03  1.10194894e+00
   7.46615236e-01 -1.24592016e+00  2.38802042e-01  1.01873005e+00
   1.23677026e+00 -8.29272051e-01  9.03465403e-01 -1.09782220e+00
  -1.61577953e+00  1.10746387e-01 -7.19265255e-01  1.44816440e+00
  -8.66663981e-01 -1.84588223e-01 -8.40238978e-02  1.58757243e+00
  -7.06850018e-01  5.82435968e-02  1.18435276e+00 -1.90684846e-01
   3.32901231e-01 -5.04272824e-01 -8.53080590e-01 -4.89542800e-01
  -8.98134101e-01  2.24227635e+00 -5.91431031e-01  1.10307491e-01
  -1.03006521e+00  2.89316919e-01 -8.02419413e-01  3.31890644e-01
  -1.05495182e+00 -8.47013215e-01  2.74783132e-01 -9.13960767e-01
   1.40221305e+00  1.01359624e+00 -4.73266319e-01 -3.65675089e-01
   1.60700052e-01 -8.56438474e-01 -1.89059369e-01  1.87551709e-01
  -1.76414301e+00 -1.86650647e-01 -7.40082414e-01  5.61002803e-01
   7.89080554e-01 -1.58906039e+00 -9.92585340e-01  3.93505836e-01
  -3.10765097e-01  5.53982038e-01 -7.27410909e-01 -4.48163034e-01
   1.32836795e+00  7.31450990e-01 -5.46683580e-01  1.65477323e-01
   3.33467586e-01 -7.72355883e-01  1.02273413e-01  3.94619544e-02
   6.46325582e-01  6.99866640e-01  8.02909468e-01  1.01435834e+00
   7.35459492e-01  1.54173088e+00  2.05540950e-01  3.45285603e-01]
 [-8.14374727e-01  1.27601644e-01  1.73171373e+00 -5.87820036e-01
  -2.95778619e-02  1.67822794e-01  8.91759441e-02  5.66809279e-01
   9.97980284e-01  6.91441668e-01 -1.97528211e+00  4.48944490e-01
   1.89568522e+00  2.63921977e-01 -7.16831738e-01  1.22781536e-01
   1.96689024e+00  2.20109226e+00 -6.00402671e-01  1.88788551e+00
   3.54018704e-01  1.26717210e+00  7.43358804e-01 -1.03292934e+00
   3.74539197e-01 -8.27199447e-02 -3.14860226e-01  1.12505779e+00
   2.46095723e-01 -1.96627794e-01  1.20263068e-01  8.37059713e-01
   6.18390295e-02 -1.21640918e+00 -3.72494668e-01 -1.02435534e+00
  -5.65931772e-01 -2.95429097e-01  1.54983565e+00  9.23900360e-01
   7.86254380e-01  2.68958960e-01 -5.56666400e-01 -5.82467596e-01
   1.21635237e+00 -4.61631485e-01  6.33217129e-01  2.43936811e-01
  -2.84315459e-01  1.94782704e-02 -2.53079694e-01 -2.75936978e+00
  -2.01365096e+00  2.59734561e-02  4.78016722e-01 -4.26909947e-01
  -9.07850464e-01 -1.21089403e+00  1.08910118e-01 -3.25494546e-01
   4.24824380e-01  1.98422018e+00  1.54210867e+00  1.88099775e-01
   4.64213306e-01  2.42481210e+00  1.39855722e+00  1.82604319e+00
  -5.92230693e-01 -8.56725465e-01  1.08126684e+00  2.21666263e+00
   9.78759881e-01 -1.84830671e+00  1.09637182e+00 -1.20144366e+00
  -8.64836596e-01 -2.43444356e-01 -5.10354724e-01 -1.51645528e+00
  -1.41516005e-01 -1.82122372e+00  1.13258783e-01 -9.16924172e-02
  -3.21188288e-01  1.08295558e+00  1.45199628e+00 -7.96229880e-01
  -6.19036826e-01 -1.27041664e-01  2.25471042e+00 -1.70553320e-01
   3.74378730e-01  1.09834078e+00  7.05751575e-01  4.43560629e-01
   5.05754487e-01 -4.39482219e-01 -1.54438269e+00  4.37934022e-01]
 [ 7.94360788e-02 -3.96587762e-01 -2.57567499e+00  1.73180283e-01
  -1.41848393e+00 -6.85129977e-01 -8.34244713e-02  4.35650642e-01
  -1.90564250e+00  2.17866252e-01  1.28951437e+00 -1.70208899e-01
  -2.04715240e+00 -5.18732877e-01 -8.02046105e-01 -6.34959945e-01
  -1.40327278e+00  2.59996783e-01 -2.53449092e-01  9.45755527e-02
  -1.51752482e+00  1.28471910e-01  1.94327241e+00 -2.09822445e+00
   2.88467397e+00 -6.55941257e-01 -1.79402260e+00  4.74543377e-01
   1.20143659e+00 -1.10792137e-01  1.39080275e-01  2.68677466e-01
  -1.10037419e+00  1.76734640e-01 -1.58582040e-01  1.16731222e+00
  -1.10021848e+00 -3.11305081e-01  8.61053488e-01  4.89134660e-01
   5.66425979e-02 -5.97410947e-01 -2.06979716e-01 -6.91377941e-01
  -4.55834324e-02  1.20469185e+00  1.22336195e+00  1.07012944e+00
   1.72814576e-01  1.13653422e-02 -1.15651765e+00 -1.16787316e-01
  -9.43397889e-01  6.02632852e-02 -7.17909011e-01 -2.59912504e-01
  -6.17128018e-02  3.22068069e-01  4.75501989e-01  1.60113869e+00
  -3.34374150e-01  4.43221115e-02 -3.63638742e-01 -1.04032424e+00
  -4.38836127e-01 -8.83587022e-01  6.17935116e-01 -2.63131951e-01
   8.07842216e-01 -6.27837592e-01  1.36445271e+00  2.40910283e+00
   3.06966883e-01  1.48927722e-01  3.28669706e-01 -6.91031879e-01
   9.61717889e-02 -4.11630063e-01 -4.38168922e-01  7.35101051e-01
   3.92947895e-01  7.15290654e-02  9.00763784e-02 -1.12794625e-01
   8.08580535e-01 -2.28464002e+00  4.29757448e-01  1.74532252e-01
   6.96546906e-02  5.12503845e-01  1.44701467e+00 -9.71576138e-01
  -4.04729917e-01 -1.15470476e+00  3.91601675e-01  5.43518835e-01
   9.73613240e-01  1.84998346e-02 -1.04301411e+00  2.74252442e-01]
 [-1.73149316e+00  3.57817320e-01 -1.00593897e+00  2.53284390e+00
  -9.11437626e-01 -5.13363203e-01 -5.14810501e-01  1.26472860e+00
  -5.24678472e-01  7.24902282e-01 -4.00657977e-01  3.57659584e-01
   9.35034021e-02  1.50868542e+00  8.78212788e-01 -1.81009742e-01
   1.01170465e+00  5.05337888e-01  1.72116781e+00 -5.79160271e-01
  -1.47538470e+00  1.39411472e+00  5.26922981e-01  1.05370955e+00
   3.55337206e-01 -3.43537021e-01 -1.07940726e+00 -1.37919845e-01
  -2.72274612e+00  6.46127341e-02  2.65407848e+00 -1.84905507e+00
  -2.66723541e-01 -1.14126958e+00 -6.46514725e-01  1.84850863e+00
  -9.30707537e-01  2.50177411e+00 -9.33292619e-01  5.99137838e-01
  -2.65250474e-01 -1.15400185e+00 -5.32373730e-01 -1.58826532e-01
  -2.81600356e-01 -2.87580572e+00  7.46139137e-01  1.14174570e+00
  -3.93161448e-01  1.18387965e+00 -5.73756345e-01 -1.08972620e+00
   1.04072307e+00 -2.08153476e+00  1.75397819e+00  1.06989307e+00
   2.60852429e-01 -1.33554520e+00  1.36512519e+00  4.82384519e-01
   2.49325221e-01  3.61544492e-01  3.27963254e-01 -1.41726950e+00
  -4.29118153e-01  5.46941784e-01  1.04129358e+00 -1.77919395e+00
  -2.09007228e+00 -3.15771860e-01  2.70822905e+00 -4.54193514e-02
   1.09433317e-01  1.57228090e+00  3.91341662e-01  1.56843244e+00
   1.22936313e+00  6.94660303e-02 -3.47979445e-01 -1.85627367e+00
  -1.04089952e+00  3.94952945e-01 -3.79755601e-01  1.13574205e+00
   2.51832120e-01  7.64951709e-01  8.23135579e-01  2.27098386e-01
  -2.62683112e+00 -4.95348197e-01 -1.37329736e+00  8.35260384e-01
   3.06034009e-02 -1.05738149e+00  2.14646665e+00  1.14215612e-01
   3.51979658e-01  1.25923894e+00 -8.71055547e-01  2.15955393e-01]
 [-1.55678575e+00  1.06453530e+00  5.43204119e-01  1.28528119e+00
   2.05744740e+00 -2.86320023e-01  6.81826080e-01  5.29953205e-01
  -6.58063236e-01 -3.29946378e+00 -4.17377591e-01  1.43111934e-01
  -6.20641843e-01 -3.57441424e-01  1.14412909e-01 -4.34894319e-01
  -1.03480641e+00 -1.09404842e+00 -6.16296391e-01 -2.10620209e-01
   1.61085342e-01 -7.13996631e-01  8.84764027e-02  5.49474761e-01
   1.71866378e-01 -5.30537449e-01  1.87834115e-01  1.38528013e+00
   5.19248641e-01  9.35784597e-02  2.01829375e-02  7.07421376e-01
  -9.06683491e-01 -3.27763881e-01  6.93609274e-01 -9.13853444e-01
  -5.44265008e-01 -1.47576220e+00  7.71099356e-01  3.41575584e-01
  -9.24735481e-01  6.85193856e-01 -1.40262645e+00  5.04606566e-01
   7.46304484e-02  2.58803331e-01  2.28201258e-02  6.42822441e-01
   8.53452142e-01  9.49982964e-01 -1.00141651e+00 -1.23156559e-01
  -5.64195854e-01  2.49462961e-01 -4.39358922e-01  1.61416538e+00
  -7.49761477e-01 -3.29027589e-01 -4.59000183e-01 -9.63139431e-01
   3.78807214e-01 -3.53734954e-01  2.00795199e+00 -8.09183301e-01
   3.95430625e-01  2.04426284e-01 -2.07798659e+00 -3.64798603e-01
   2.13416733e+00 -4.22517487e-01  5.74667736e-02 -2.05602640e+00
   1.47908091e+00 -9.26052829e-02  3.36773273e-01  1.10009933e+00
   1.27022612e+00  6.85744535e-02 -8.57721644e-03 -1.24365961e+00
   8.77329695e-01 -1.65721181e+00  3.53651745e-01 -4.89722820e-01
   9.46250975e-01 -1.08185946e-01 -3.39842488e-01 -1.82442457e+00
  -5.76499117e-01 -1.47272380e+00 -1.01546942e+00 -1.61624266e+00
   1.54297153e+00  1.19883772e+00 -1.62484260e-01  1.21648828e-01
  -1.20749079e-01 -3.46374393e-01  1.73055750e-01 -1.06204114e+00]
 [-1.51107788e+00  2.85454045e-02 -6.17303785e-04 -8.56900598e-02
   1.71653552e-01  8.21667281e-01  1.85874688e+00 -1.23242997e+00
   7.30351839e-01 -8.16406101e-01 -1.51172048e+00  5.18549525e-01
   5.92150009e-01  7.39411029e-01 -2.85195163e-01 -4.54630514e-01
   7.70325844e-01  1.50775415e+00 -1.32527566e+00 -4.09176441e-01
   1.94768908e+00 -1.89903557e-01  6.35881938e-01 -9.30944373e-01
  -1.28108807e-01 -1.66083026e-01 -5.86109835e-01  7.55259981e-01
  -1.54708856e-01  8.19424371e-01  7.45953588e-01 -1.58437961e-01
   1.49833630e+00  1.31012740e+00  1.29684847e+00  7.13137328e-02
  -2.16961915e+00  2.93617821e-03 -1.10155291e+00 -8.52190362e-01
  -5.22514358e-01 -7.79391469e-01  4.50611394e-01  9.57333203e-02
   1.62321957e+00  2.08016381e-02 -7.01641074e-01  1.24502930e+00
   1.41350532e+00 -2.68048247e-01  1.89382316e+00  7.34458740e-01
   2.28830588e-01 -5.01662297e-01  1.07429920e+00  4.63645763e-01
  -8.71127189e-01 -7.70202151e-02 -6.75645980e-02 -1.16202842e+00
  -2.68865785e-01 -1.00810626e+00  1.41967035e+00 -1.80348057e-02
  -4.10625350e-01 -1.72867660e+00  1.06443524e+00  5.01182933e-01
   1.83403211e-01  1.26530203e+00 -2.11619111e-01  1.43544868e+00
  -1.73613170e+00  3.29901071e-01  2.46330231e-01 -1.26168447e-01
   9.00772630e-01 -1.13036756e+00 -7.41899583e-01  5.56911066e-01
  -5.59068533e-02  5.00841724e-01 -2.58693374e+00  1.31576180e-01
  -1.82489341e-01  5.30239658e-01  1.75432784e+00  8.92561027e-01
  -1.02249875e+00  1.23759889e+00 -1.38527288e-01 -1.60245980e-01
   1.02337743e+00 -1.57455671e+00  1.88657475e+00 -1.40794301e+00
   6.63804085e-01 -2.16804147e-01 -1.07149531e-01 -6.91444481e-01]
 [-1.33177318e+00 -2.14815781e-01 -3.92227038e-02 -2.99715705e-01
   6.69732187e-01  6.78705311e-01  1.60629400e-01 -2.71712113e+00
  -1.40775285e-01 -1.06691275e+00  1.78264049e+00  4.87698499e-01
   5.34238523e-01  7.43928327e-01 -3.24278847e-01 -1.51290394e-01
   5.82713819e-01  9.41904884e-01 -1.80837948e+00  1.90704012e-01
   8.04689855e-01  2.95082572e-01 -2.45775048e+00  3.31973841e-01
  -5.01768033e-01 -9.59771798e-02 -2.33404711e+00  2.35648398e+00
  -6.10001672e-01  1.94407810e+00 -1.28284149e+00  7.75396717e-01
  -7.77116368e-01 -7.62144195e-01  1.58129127e-01  3.56201960e-01
  -1.34736695e-01  3.26234698e-01 -7.28366313e-01 -1.06471322e-01
   8.77488380e-01 -1.73708596e+00 -1.26461169e+00  7.86494367e-01
   8.53655939e-01  1.95888462e+00  5.04754931e-01  1.75868093e+00
  -9.90269162e-01  2.01664155e-01  2.04566075e-01 -5.65530478e-02
  -1.67199722e+00 -5.23145548e-01 -2.54893841e+00 -1.12512036e+00
   5.88264676e-01 -1.46885620e+00 -2.84830489e-01  2.92610542e-01
   1.55991015e+00  7.43270951e-01 -8.82317479e-01 -1.44099715e+00
  -6.70215118e-01  1.75056160e+00 -1.15427830e+00  5.36961598e-02
   2.03867753e+00  8.34367933e-01 -2.10842147e+00 -2.62189370e-01
   9.00121178e-01 -3.91167940e-01  1.83345318e+00  1.29006194e+00
  -6.44143108e-01 -9.05855684e-01  2.39551371e+00 -1.39734876e-01
   1.13972458e+00 -8.33925244e-01  1.02683281e+00  3.77226367e-01
  -1.94002343e+00  1.98443040e-01 -3.34885878e-01 -9.87210403e-01
  -1.94760039e+00  9.17821210e-01 -1.93144514e-01 -7.35233614e-01
   1.43711544e+00 -1.15194768e+00 -6.64817140e-01 -1.87943619e-01
  -2.22967888e-01 -2.44144129e-01  2.38161110e-01 -6.32768851e-01]
 [ 9.69782699e-02  1.84270402e+00 -3.31420069e-01 -3.31926374e-01
  -3.30724436e+00 -1.18859967e+00 -1.60012197e+00  5.93707053e-01
  -6.47824802e-01  5.65410720e-01  6.62341754e-01 -3.51687120e-01
  -2.06913034e-01  7.08496485e-01 -1.13951535e+00 -6.66103764e-01
   8.42574405e-01  2.72321126e+00 -1.17656592e-01 -1.00352212e+00
   4.81907017e-01  7.54056670e-01 -9.86898562e-01  2.59866771e+00
   1.05814678e+00  5.77814429e-01 -6.63021587e-01 -3.69975123e-01
  -8.29796159e-02 -6.76138306e-01 -8.07010108e-01  3.33141781e-01
  -2.20748847e-01  1.96129431e+00  8.40388971e-01  1.08410822e-01
  -1.97778794e+00 -5.71627528e-01  1.25716417e-01  1.78733605e+00
   3.29383428e-01 -8.22554391e-01  1.30068424e+00  1.07626955e+00
  -1.04232959e+00 -4.67920154e-01 -2.56138017e-01  5.88762273e-01
   6.94560877e-01  6.73135735e-01  7.14673382e-01  2.98378759e-01
  -2.06455000e+00 -7.05335382e-01 -4.96422022e-01  1.74538603e-01
  -2.42942386e+00 -2.27794769e-01 -8.43468094e-01 -1.34788239e+00
   3.57234360e-01 -1.38229804e+00  6.11580591e-01  1.07667541e+00
   1.53396317e+00  3.48721705e-01  5.21621385e-01 -1.58655034e+00
   2.85260126e-01 -5.69767304e-01  1.21812864e+00 -3.88901384e-01
  -9.58553783e-01 -2.55876903e+00 -3.11944011e-01  1.33174677e+00
   9.61318159e-01 -2.08174013e+00  2.05616083e+00 -4.69269649e-01
   1.33374911e+00 -2.33526740e+00 -6.29597085e-01  2.74690577e-01
   6.83743320e-02 -3.88700773e-01 -7.03010990e-01 -1.09816068e+00
  -5.44162057e-01 -3.13867831e-01 -9.47647260e-01  1.65110933e+00
  -5.96314375e-01 -9.61940420e-01  1.15843170e+00 -1.82428706e-01
   3.48735399e-01 -5.56798983e-01  2.03026489e-01 -4.62444495e-01]]
Layer Bias: [[-0.49027927  0.33340818 -0.0071612   1.66217822  0.93881853  0.60402343
  -0.85656298 -0.56259622 -1.41666712  0.77921702  1.00662747 -1.18256908
  -0.34574517 -0.79740571 -1.15319652 -1.0645523  -1.18281606 -0.56531444
  -1.66780083 -0.47165808 -0.69654978  0.68359336  0.36822889  0.09924407
   1.21122724  1.5766445  -1.75275178 -0.63909099 -0.10323709 -0.56492933
  -0.36806697 -0.02145547  0.96108014 -0.34738413  1.45118558 -0.76038116
   1.08885881 -1.22685484 -0.06432766 -0.76515159  0.6586509   0.87508095
  -0.34721238 -2.26844807  0.71099613 -0.77475464 -0.58976275  0.12677028
   0.28008679  0.13757234  2.21720378 -1.27783991  0.43361472 -0.06808028
   0.58369679  0.40757501 -0.59570056 -0.6200529   0.54805825 -0.69957142
  -0.0668274   2.4255109   0.29625182 -0.53806148  1.75183341  0.18184591
   0.41143887 -0.4406516   0.4655244  -0.14432821  2.32524397  0.89148109
   1.41873621  0.72200824  1.21016408 -1.65822882  0.95800972  0.7760479
  -1.86733398 -0.58340534  0.01756009  0.55823497 -0.38049375  0.75757117
   0.50029851 -1.41948195 -0.67592761 -1.85360767 -0.29301186 -0.76749031
   2.09734823  0.98133371 -0.09311936  0.46778065  0.60413745 -0.33437624
   0.9473805  -0.07360321  1.06566897  0.04170036]]

Layer: 1
Layer Weights: [[ 0.35001783  0.38939466  1.76868623 ... -0.35773009  0.13844882
  -0.65891723]
 [-2.55556093  0.31840554 -0.36734073 ... -0.66435129 -0.64513047
  -1.29205686]
 [ 0.63850956 -1.2035957  -0.74162712 ...  2.32853116  1.82183067
  -0.43797028]
 ...
 [-0.52568091  0.66717195  0.07483898 ... -0.47482948 -1.19725825
   2.57914205]
 [-0.42039426  1.1963077   1.23826416 ...  1.39087985 -0.40056546
  -0.64814313]
 [ 0.15554319  0.29089588  0.31090958 ...  0.35276203 -0.30122262
  -1.98010516]]
Layer Bias: [[-0.76463314  1.58621417  1.25757358  0.79395118 -1.21514434  1.27090764
  -2.27266608 -1.99893923  0.75877304 -0.13481101 -0.91057742  0.20598398
  -1.46023749  0.51521884 -0.31387895  0.86044529  2.31034732 -0.68170629
   0.3906542   1.12658811 -1.26967823  0.1858391   0.6389797  -0.15649027
   1.18273096 -0.23181378  1.29235099 -0.90512327  2.00020001 -0.70983759
  -0.10762784  0.16237062 -0.27093924  1.2708299   1.73168582  0.90032187
  -1.30908687 -0.91353828  1.5509291  -0.47509799 -0.19815247 -0.5324881
  -0.29966539  0.80133605 -1.73044077 -0.97938001  0.30159247  0.05968567
   1.20949461 -0.18953724  0.45678908 -0.45014421 -1.45422927 -0.74437532
   0.07547861  1.11809437 -0.44993986  0.94445086  2.01581626  0.0473942
  -0.53283815  1.00197962  1.38500651 -0.00914895 -0.31134866 -0.23760627
   0.710768    0.63650883  0.6621851   0.53834457 -0.39836823  0.19918218
   0.28715792  0.08247823  1.43439467  0.20721357 -0.87464275  0.07161833
   0.877421    0.23875757  0.6108511   0.51192029 -0.08371136  0.82083253
   0.97558839  1.41919682 -0.11942265 -1.26596355 -1.14257192  1.62413208
   0.18861253 -0.33378065 -1.11355992 -0.05561473  2.4137231  -1.11756556
   0.02322252 -1.39563556  0.47921101 -1.47030783]]

Layer: 2
Layer Weights: [[ 0.46181078]
 [ 0.15153953]
 [ 0.19769019]
 [-0.71284547]
 [ 0.05051995]
 [-0.00785489]
 [-0.02039139]
 [-1.02560335]
 [ 0.14231224]
 [ 0.14504756]
 [-0.67646807]
 [ 0.45079416]
 [ 1.59697667]
 [ 0.82761016]
 [-2.01318691]
 [ 0.14261096]
 [ 0.55795767]
 [ 1.18618592]
 [ 1.69289493]
 [ 1.26591846]
 [ 0.78966476]
 [ 1.45877997]
 [ 0.88805551]
 [ 1.41342072]
 [ 0.65227266]
 [ 0.40954422]
 [-0.99934949]
 [-1.70160027]
 [ 0.27504431]
 [ 0.4731389 ]
 [-1.13035446]
 [ 0.86516435]
 [-0.29433927]
 [-1.641563  ]
 [ 0.46300734]
 [-0.11485703]
 [-0.72882374]
 [ 1.76699293]
 [ 1.04334527]
 [ 0.94840005]
 [-0.54857118]
 [-0.46915291]
 [-0.36392404]
 [ 0.5949751 ]
 [ 0.43101122]
 [ 0.70990642]
 [ 1.91109291]
 [ 1.30111026]
 [ 2.46316669]
 [-0.76510888]
 [ 1.17618653]
 [-1.52835037]
 [ 2.24192874]
 [-0.81882602]
 [-0.18146982]
 [ 0.8501669 ]
 [-1.06331566]
 [-0.10262482]
 [ 0.45895356]
 [ 1.36843483]
 [-0.29876274]
 [ 0.51751044]
 [ 1.10330606]
 [-0.00850265]
 [-0.59970801]
 [ 0.15736792]
 [ 1.19875492]
 [ 1.26144877]
 [-1.26568389]
 [ 0.61925247]
 [ 0.33798503]
 [ 2.1164802 ]
 [ 0.95499651]
 [-0.79101477]
 [-0.33268219]
 [ 0.49298569]
 [ 1.61872195]
 [-1.05729998]
 [ 0.0180888 ]
 [ 1.85626539]
 [-0.38390098]
 [-0.0945084 ]
 [-1.44915444]
 [ 0.62637022]
 [ 1.2512955 ]
 [ 0.75591288]
 [ 0.58173986]
 [ 1.55792   ]
 [ 0.58164404]
 [ 0.58899576]
 [-0.28665391]
 [-0.0343513 ]
 [-0.43600303]
 [ 0.09067683]
 [ 1.27542506]
 [ 0.0101733 ]
 [ 0.33475945]
 [-1.02544411]
 [ 0.61934463]
 [ 2.5324567 ]]
Layer Bias: [[-1.88346411]]

Predictions: [1.0, 0.0, 0.0, 0.0, 0.0, 0.0, 1.0, 0.0, 0.0, 1.0, 0.0, 0.0, 0.0, 0.0, 0.0, 0.0, 0.0, 0.0, 0.0, 0.0, 0.0, 0.0, 1.0, 0.0, 0.0, 0.0, 0.0, 0.0, 0.0, 0.0, 0.0, 0.0, 0.0, 0.0, 0.0, 0.0, 0.0, 0.0, 0.0, 0.0, 0.0, 0.0, 0.0, 0.0, 0.0, 0.0, 0.0, 0.0, 0.0, 0.0, 0.0, 0.0, 1.0, 0.0, 0.0, 1.0, 0.0, 0.0, 0.0, 0.0, 0.0, 0.0, 0.0, 0.0, 0.0, 0.0, 0.0, 0.0, 1.0, 0.0, 0.0, 0.0, 0.0, 0.0, 0.0, 0.0, 1.0, 0.0, 1.0, 0.0, 0.0, 0.0, 0.0, 0.0, 0.0, 0.0, 0.0, 0.0, 0.0, 0.0, 0.0, 0.0, 0.0, 0.0, 1.0, 0.0, 0.0, 0.0, 0.0, 0.0, 1.0, 0.0, 0.0, 0.0, 0.0, 0.0, 0.0, 0.0, 0.0, 0.0, 0.0, 0.0, 0.0, 0.0, 1.0, 0.0, 0.0, 0.0, 0.0, 0.0, 0.0, 0.0, 1.0, 0.0, 0.0, 0.0, 0.0, 1.0, 0.0, 0.0, 0.0, 0.0, 0.0, 0.0, 0.0, 0.0, 0.0, 0.0, 0.0, 0.0, 0.0, 0.0, 0.0, 0.0, 0.0, 0.0, 0.0, 1.0, 0.0, 0.0, 1.0, 0.0, 0.0, 0.0, 1.0, 0.0, 0.0, 0.0, 0.0, 0.0, 0.0, 0.0, 0.0, 0.0, 0.0, 0.0, 0.0, 0.0, 0.0, 0.0, 1.0, 0.0, 0.0, 0.0, 0.0, 0.0, 0.0, 0.0, 0.0, 0.0, 0.0, 0.0, 0.0, 0.0, 0.0, 0.0, 0.0, 0.0, 0.0, 0.0, 0.0, 0.0, 0.0, 0.0, 0.0, 0.0, 0.0, 0.0, 0.0, 0.0, 0.0, 0.0, 0.0, 0.0, 0.0, 0.0, 0.0, 1.0, 0.0, 0.0, 0.0, 0.0, 0.0, 0.0, 0.0, 0.0, 1.0, 0.0, 0.0, 0.0, 0.0, 0.0, 0.0, 0.0, 0.0, 0.0, 0.0, 0.0, 0.0, 0.0, 0.0, 1.0, 0.0, 0.0, 0.0, 0.0, 0.0, 0.0, 0.0, 0.0, 0.0, 0.0, 0.0, 0.0, 0.0, 0.0, 0.0, 0.0, 0.0, 0.0, 0.0, 0.0, 0.0, 0.0, 0.0, 0.0, 0.0, 0.0, 0.0, 0.0, 0.0, 0.0, 0.0, 0.0, 0.0, 0.0, 0.0, 0.0, 0.0, 0.0, 1.0, 0.0, 0.0, 1.0, 0.0, 0.0, 0.0, 0.0, 0.0, 0.0, 1.0, 0.0, 1.0, 0.0, 0.0, 0.0, 0.0, 0.0, 0.0, 0.0, 0.0, 1.0, 0.0, 0.0, 0.0, 0.0, 1.0, 0.0, 0.0, 0.0, 0.0, 0.0, 0.0, 0.0, 0.0, 0.0, 0.0, 0.0, 0.0, 0.0, 0.0, 0.0, 0.0, 1.0, 0.0, 0.0, 0.0, 0.0, 0.0, 0.0, 0.0, 0.0, 0.0, 0.0, 0.0, 0.0, 1.0, 0.0, 0.0, 0.0, 1.0, 0.0, 0.0, 0.0, 1.0, 0.0, 1.0, 0.0, 0.0, 0.0, 0.0, 0.0, 0.0, 0.0, 0.0, 0.0, 0.0, 0.0, 0.0, 0.0, 0.0, 0.0, 1.0, 0.0, 0.0, 0.0, 0.0, 0.0, 0.0, 0.0, 0.0, 0.0, 0.0, 0.0, 0.0, 0.0, 0.0, 1.0, 0.0, 0.0, 0.0, 0.0, 0.0, 0.0, 0.0, 0.0, 0.0, 0.0, 0.0, 0.0, 1.0, 0.0, 0.0, 0.0, 0.0, 0.0, 0.0, 0.0, 0.0, 0.0, 0.0, 0.0, 0.0, 0.0, 0.0, 0.0, 1.0, 0.0, 0.0, 0.0, 0.0, 0.0, 0.0, 0.0, 0.0, 0.0, 0.0, 0.0, 0.0, 1.0, 0.0, 1.0, 0.0, 0.0, 0.0, 1.0, 0.0, 0.0, 0.0, 0.0, 0.0, 0.0, 0.0, 0.0, 0.0, 0.0, 0.0, 0.0, 0.0, 0.0, 0.0, 0.0, 1.0, 0.0, 0.0, 0.0, 0.0, 0.0, 0.0, 0.0, 0.0, 0.0, 0.0, 1.0, 0.0, 0.0, 0.0, 0.0, 0.0, 1.0, 0.0, 0.0, 0.0, 1.0, 0.0, 0.0, 0.0, 0.0, 0.0, 0.0, 0.0, 0.0, 0.0, 0.0, 0.0, 1.0, 0.0, 0.0, 1.0, 0.0, 0.0, 0.0, 0.0, 0.0, 0.0, 0.0, 0.0, 0.0, 1.0, 0.0, 0.0, 0.0, 0.0, 0.0, 0.0, 0.0, 0.0, 0.0, 0.0, 0.0, 0.0, 0.0, 0.0, 0.0, 0.0, 0.0, 0.0, 0.0, 0.0, 0.0, 1.0, 0.0, 0.0, 0.0, 0.0, 0.0, 0.0, 0.0, 0.0, 0.0, 0.0, 0.0, 0.0, 0.0, 0.0, 0.0, 0.0, 0.0, 0.0, 0.0, 0.0, 0.0, 0.0, 0.0, 0.0, 1.0, 0.0, 0.0, 0.0, 0.0, 0.0, 0.0, 0.0, 0.0, 0.0, 0.0, 1.0, 0.0, 0.0, 0.0, 0.0, 0.0, 0.0, 0.0, 0.0, 0.0, 1.0, 0.0, 0.0, 1.0, 0.0, 0.0, 0.0, 0.0, 1.0, 0.0, 0.0, 0.0, 0.0, 0.0, 0.0, 0.0, 0.0, 0.0, 1.0, 0.0, 0.0, 0.0, 0.0, 1.0, 0.0, 0.0, 0.0, 1.0, 0.0, 0.0, 0.0, 0.0, 0.0, 0.0, 0.0, 0.0, 0.0, 0.0, 0.0, 0.0, 0.0, 0.0, 0.0, 0.0, 0.0, 0.0, 0.0, 0.0, 0.0, 0.0, 0.0, 0.0, 0.0, 0.0, 1.0, 0.0, 0.0, 0.0, 1.0, 0.0, 0.0, 0.0, 0.0, 0.0, 0.0, 0.0, 0.0, 0.0, 0.0, 0.0, 0.0, 0.0, 0.0, 0.0, 1.0, 0.0, 0.0, 0.0, 0.0, 0.0, 0.0, 0.0, 0.0, 0.0, 0.0, 0.0, 0.0, 0.0, 0.0, 0.0, 0.0, 0.0, 0.0, 0.0, 0.0, 0.0, 0.0, 0.0, 0.0, 0.0, 0.0, 0.0, 1.0, 0.0, 0.0, 0.0, 0.0, 0.0, 0.0, 0.0, 0.0, 0.0, 0.0, 0.0, 1.0, 0.0, 0.0, 0.0, 0.0, 0.0, 0.0, 1.0, 0.0, 0.0, 0.0, 0.0, 0.0, 0.0, 0.0, 0.0, 0.0, 0.0, 0.0, 0.0, 0.0, 0.0, 1.0, 0.0, 0.0, 0.0, 0.0, 0.0, 0.0, 0.0, 0.0, 0.0, 0.0, 1.0, 0.0, 0.0, 0.0, 0.0, 0.0, 0.0, 0.0, 1.0, 0.0, 0.0, 1.0, 0.0, 0.0, 0.0, 0.0, 1.0, 0.0, 0.0, 0.0, 0.0, 1.0, 0.0, 0.0, 0.0, 0.0, 0.0, 0.0, 0.0, 0.0, 0.0, 1.0, 0.0, 0.0, 0.0, 0.0, 0.0, 0.0, 0.0, 0.0, 0.0, 1.0, 0.0, 0.0, 0.0, 0.0, 0.0, 1.0, 0.0, 0.0, 0.0, 0.0, 0.0, 0.0, 0.0, 0.0, 1.0, 0.0, 0.0, 0.0, 0.0, 0.0, 0.0, 0.0, 0.0, 0.0, 0.0, 0.0, 0.0, 0.0, 0.0, 0.0, 0.0, 0.0, 0.0, 0.0, 0.0, 0.0, 1.0, 0.0, 0.0, 0.0, 0.0, 0.0, 0.0, 0.0, 0.0, 0.0, 0.0, 0.0, 0.0, 0.0, 1.0, 0.0, 0.0, 0.0, 1.0, 0.0, 0.0, 0.0, 0.0, 0.0, 1.0, 0.0, 0.0, 0.0, 0.0, 0.0, 0.0, 0.0, 0.0, 0.0, 0.0, 0.0, 0.0, 0.0, 0.0, 0.0, 0.0, 0.0, 0.0, 0.0, 0.0, 0.0, 0.0, 0.0, 0.0, 0.0, 0.0, 1.0, 0.0, 0.0, 0.0, 0.0, 0.0, 0.0, 0.0, 0.0, 0.0, 0.0, 0.0, 0.0, 1.0, 1.0, 0.0, 0.0, 0.0, 1.0, 0.0, 0.0, 0.0, 0.0, 0.0, 0.0, 0.0, 0.0, 0.0, 0.0, 0.0, 0.0, 0.0, 0.0, 0.0, 0.0, 1.0, 0.0, 0.0, 1.0, 0.0, 0.0, 1.0, 0.0, 0.0, 0.0, 0.0, 0.0, 0.0, 0.0, 0.0, 0.0, 0.0, 0.0, 0.0, 0.0, 0.0, 0.0, 0.0, 0.0, 0.0, 0.0, 1.0, 0.0, 0.0, 1.0, 0.0, 0.0, 0.0, 0.0, 0.0, 0.0, 0.0, 0.0, 0.0, 0.0, 0.0, 0.0, 0.0, 1.0, 0.0, 0.0, 0.0, 0.0, 0.0, 1.0, 0.0, 0.0, 0.0, 0.0, 1.0, 0.0, 0.0, 0.0, 0.0, 0.0, 0.0, 0.0, 0.0, 0.0, 0.0, 0.0, 0.0, 0.0, 0.0, 0.0, 0.0, 0.0, 0.0, 0.0, 0.0, 1.0, 0.0, 0.0, 0.0, 0.0, 0.0, 0.0, 0.0, 0.0, 0.0, 0.0, 0.0, 0.0, 0.0, 0.0, 0.0, 0.0, 0.0, 0.0, 0.0, 0.0, 0.0, 0.0, 0.0, 0.0, 0.0, 0.0, 0.0, 0.0, 0.0, 0.0, 0.0, 0.0, 0.0, 0.0, 0.0, 0.0, 0.0, 0.0, 0.0, 0.0, 0.0, 0.0, 0.0, 0.0, 0.0, 0.0, 0.0, 0.0, 0.0, 0.0, 0.0, 0.0, 0.0, 0.0, 0.0, 0.0, 0.0, 0.0, 0.0, 1.0, 0.0, 0.0, 0.0, 0.0, 0.0, 0.0, 0.0, 0.0, 0.0, 0.0, 0.0, 0.0, 0.0, 0.0, 0.0, 0.0, 0.0, 0.0, 0.0, 0.0, 0.0, 0.0, 0.0, 0.0, 0.0, 0.0, 0.0, 0.0, 0.0, 0.0, 0.0, 0.0, 0.0, 0.0, 0.0, 0.0, 0.0, 0.0, 0.0, 0.0, 0.0, 0.0, 0.0, 1.0, 0.0, 0.0, 1.0, 0.0, 0.0, 0.0, 0.0, 0.0, 0.0, 0.0, 0.0, 0.0, 1.0, 0.0, 0.0, 0.0, 0.0, 0.0, 0.0, 0.0, 0.0, 0.0, 0.0, 0.0, 1.0, 0.0, 0.0, 0.0, 0.0, 0.0, 0.0, 0.0, 0.0, 1.0, 0.0, 0.0, 0.0, 0.0, 0.0, 1.0, 1.0, 0.0, 0.0, 0.0, 0.0, 0.0, 0.0, 0.0, 0.0, 0.0, 0.0, 0.0, 0.0, 0.0, 0.0, 0.0, 0.0, 0.0, 0.0, 1.0, 0.0, 0.0, 1.0, 0.0, 0.0, 0.0, 0.0, 0.0, 0.0, 0.0, 0.0, 1.0, 0.0, 0.0, 0.0, 0.0, 0.0, 0.0, 0.0, 0.0, 0.0, 0.0, 0.0, 0.0, 0.0, 1.0, 0.0, 0.0, 0.0, 0.0, 0.0, 0.0, 0.0, 0.0, 0.0, 0.0, 0.0, 0.0, 0.0, 0.0, 0.0, 0.0, 0.0, 0.0, 0.0, 0.0, 0.0, 0.0, 0.0, 0.0, 0.0, 0.0, 0.0, 0.0, 0.0, 0.0, 0.0, 0.0, 1.0, 0.0, 0.0, 0.0, 0.0, 0.0, 0.0, 1.0, 0.0, 0.0, 0.0, 0.0, 0.0, 0.0, 0.0, 0.0, 0.0, 0.0, 0.0, 0.0, 0.0, 0.0, 0.0, 0.0, 0.0, 0.0, 0.0, 0.0, 0.0, 0.0, 1.0, 0.0, 0.0, 0.0, 0.0, 0.0, 0.0, 0.0, 0.0, 0.0, 0.0, 1.0, 0.0, 1.0, 1.0, 0.0, 0.0, 1.0, 0.0, 0.0, 0.0, 0.0, 0.0, 0.0, 0.0, 0.0, 0.0, 0.0, 1.0, 0.0, 0.0, 0.0, 1.0, 1.0, 0.0, 0.0, 0.0, 1.0, 0.0, 0.0, 0.0, 0.0, 0.0, 0.0, 0.0, 0.0, 0.0, 1.0, 0.0, 0.0, 0.0, 0.0, 0.0, 0.0, 1.0, 0.0, 0.0, 0.0, 0.0, 0.0, 0.0, 0.0, 0.0, 0.0, 0.0, 0.0, 0.0, 0.0, 0.0, 0.0, 1.0, 0.0, 0.0, 0.0, 0.0, 0.0, 0.0, 0.0, 0.0, 0.0, 0.0, 0.0, 0.0, 0.0, 0.0, 0.0, 0.0, 0.0, 0.0, 0.0, 0.0, 0.0, 0.0, 0.0, 0.0, 0.0, 0.0, 0.0, 0.0, 0.0, 0.0, 0.0, 1.0, 0.0, 0.0, 0.0, 0.0, 0.0, 1.0, 0.0, 1.0, 0.0, 0.0, 0.0, 0.0, 0.0, 0.0, 0.0, 0.0, 0.0, 0.0, 0.0, 0.0, 0.0, 0.0, 0.0, 0.0, 0.0, 1.0, 0.0, 0.0, 0.0, 0.0, 0.0, 1.0, 0.0, 0.0, 0.0, 0.0, 0.0, 0.0, 0.0, 0.0, 0.0, 0.0, 0.0, 0.0, 0.0, 0.0, 0.0, 1.0, 0.0, 0.0, 0.0, 0.0, 0.0, 0.0, 0.0, 0.0, 0.0, 0.0, 0.0, 0.0, 0.0, 0.0, 0.0, 0.0, 0.0, 0.0, 0.0, 0.0, 0.0, 0.0, 1.0, 0.0, 0.0, 0.0, 0.0, 0.0, 0.0, 0.0, 0.0, 0.0, 0.0, 0.0, 0.0, 0.0, 0.0, 0.0, 1.0, 0.0, 0.0, 0.0, 0.0, 0.0, 0.0, 0.0, 0.0, 0.0, 0.0, 0.0, 1.0, 0.0, 0.0, 0.0, 0.0, 0.0, 0.0, 1.0, 0.0, 0.0, 0.0, 0.0, 0.0, 0.0, 0.0, 0.0, 0.0, 0.0, 0.0, 0.0, 0.0, 0.0, 0.0, 0.0, 0.0, 0.0, 0.0, 0.0, 0.0, 0.0, 0.0, 0.0, 0.0, 0.0, 0.0, 1.0, 0.0, 0.0, 0.0, 0.0, 0.0, 0.0, 0.0, 0.0, 0.0, 0.0, 0.0, 0.0, 0.0, 0.0, 0.0, 0.0, 0.0, 0.0, 0.0, 0.0, 0.0, 1.0, 0.0, 0.0, 0.0, 1.0, 0.0, 0.0, 0.0, 0.0, 0.0, 0.0, 0.0, 0.0, 0.0, 0.0, 0.0, 0.0, 0.0, 1.0, 1.0, 0.0, 1.0, 0.0, 0.0, 0.0, 0.0, 0.0, 0.0, 0.0, 0.0, 0.0, 0.0, 0.0, 0.0, 0.0, 0.0, 0.0, 0.0, 0.0, 0.0, 1.0, 0.0, 0.0, 0.0, 0.0, 0.0, 0.0, 0.0, 0.0, 0.0, 0.0, 0.0, 0.0, 0.0, 0.0, 0.0, 0.0, 1.0, 0.0, 1.0, 0.0, 0.0, 0.0, 0.0, 0.0, 0.0, 1.0, 0.0, 0.0, 0.0, 1.0, 0.0, 0.0, 0.0, 0.0, 0.0, 0.0, 0.0, 0.0, 0.0, 0.0, 0.0, 0.0, 0.0, 0.0, 0.0, 0.0, 1.0, 0.0, 0.0, 0.0, 0.0, 0.0, 0.0, 0.0, 0.0, 0.0, 1.0, 0.0, 0.0, 0.0, 0.0, 0.0, 0.0, 0.0, 0.0, 0.0, 0.0, 0.0, 0.0, 0.0, 0.0, 0.0, 0.0, 0.0, 0.0, 1.0, 0.0, 1.0, 0.0, 0.0, 0.0, 0.0, 0.0, 0.0, 0.0, 0.0, 0.0, 0.0, 0.0, 0.0, 0.0, 0.0, 0.0, 0.0, 0.0, 0.0, 0.0, 0.0, 0.0, 0.0, 0.0, 1.0, 1.0, 0.0, 0.0, 0.0, 0.0, 0.0, 0.0, 0.0, 0.0, 0.0, 0.0, 0.0, 0.0, 0.0, 0.0, 0.0, 0.0, 0.0, 0.0, 1.0, 0.0, 0.0, 0.0, 0.0, 0.0, 0.0, 1.0, 0.0, 1.0, 0.0, 0.0, 0.0, 0.0, 1.0, 0.0, 0.0, 0.0, 0.0, 0.0, 0.0, 0.0, 0.0, 0.0, 0.0, 0.0, 0.0, 0.0, 0.0, 0.0, 1.0, 0.0, 0.0, 0.0, 0.0, 0.0, 0.0, 0.0, 0.0, 0.0, 0.0, 0.0, 1.0, 0.0, 0.0, 0.0, 0.0, 0.0, 0.0, 0.0, 0.0, 0.0, 0.0, 0.0, 0.0, 0.0, 0.0, 0.0, 0.0, 0.0, 0.0, 0.0, 0.0, 0.0, 0.0, 0.0, 0.0, 0.0, 0.0, 0.0, 0.0, 0.0, 1.0, 0.0, 0.0, 0.0, 0.0, 0.0, 0.0, 0.0, 0.0, 0.0, 0.0, 0.0, 0.0, 1.0, 0.0, 0.0, 0.0, 0.0, 0.0, 0.0, 1.0, 0.0, 0.0, 0.0, 0.0, 0.0, 0.0, 0.0, 0.0, 0.0, 1.0, 0.0, 0.0, 0.0, 0.0, 0.0, 0.0, 0.0, 0.0, 0.0, 0.0, 0.0, 0.0, 0.0, 0.0, 0.0, 1.0, 0.0, 0.0, 0.0, 1.0, 0.0, 0.0, 0.0, 0.0, 0.0, 0.0, 0.0, 0.0, 0.0, 0.0, 0.0, 0.0, 0.0, 0.0, 0.0, 0.0, 0.0, 0.0, 0.0, 0.0, 0.0, 0.0, 0.0, 0.0, 1.0, 0.0, 0.0, 0.0, 0.0, 0.0, 0.0, 1.0, 0.0, 0.0, 0.0, 0.0, 0.0, 0.0, 0.0, 0.0, 0.0, 0.0, 0.0, 0.0, 0.0, 0.0, 0.0, 0.0, 0.0, 0.0, 0.0, 0.0, 0.0, 0.0, 0.0, 0.0, 0.0, 0.0, 0.0, 0.0, 0.0, 0.0, 0.0, 0.0, 1.0, 0.0, 1.0, 0.0, 0.0, 0.0, 0.0, 0.0, 0.0, 0.0, 0.0, 0.0, 0.0, 0.0, 0.0, 0.0, 1.0, 0.0, 0.0, 0.0, 0.0, 0.0, 0.0, 0.0, 0.0, 0.0, 0.0, 0.0, 0.0, 0.0, 0.0, 0.0, 0.0, 0.0, 0.0, 0.0, 0.0, 0.0, 0.0, 0.0, 0.0, 0.0, 1.0, 1.0, 0.0, 0.0, 1.0, 0.0, 0.0, 0.0, 0.0, 0.0, 0.0, 0.0, 0.0, 0.0, 0.0, 0.0, 0.0, 0.0, 0.0, 0.0, 0.0, 0.0, 0.0, 0.0, 0.0, 0.0, 0.0, 0.0, 0.0, 1.0, 0.0, 0.0, 0.0, 0.0, 0.0, 0.0, 0.0, 0.0, 0.0, 0.0, 0.0, 0.0, 0.0, 0.0, 1.0, 0.0, 0.0, 0.0, 0.0, 1.0, 0.0, 0.0, 0.0, 0.0, 0.0, 0.0, 1.0, 0.0, 0.0, 0.0, 0.0, 0.0, 0.0, 0.0, 0.0, 0.0, 0.0, 0.0, 0.0, 0.0, 0.0, 0.0, 1.0, 0.0, 0.0, 0.0, 0.0, 0.0, 0.0, 0.0, 1.0, 0.0, 0.0, 0.0, 0.0, 0.0, 0.0, 0.0, 0.0, 0.0, 1.0, 0.0, 1.0, 0.0, 0.0, 0.0, 0.0, 0.0, 0.0, 0.0, 0.0, 0.0, 0.0, 0.0, 0.0, 0.0, 0.0, 0.0, 0.0, 0.0, 1.0, 0.0, 0.0, 0.0, 1.0, 0.0, 1.0, 0.0, 0.0, 0.0, 0.0, 1.0, 1.0, 0.0, 1.0, 0.0, 0.0, 0.0, 0.0, 0.0, 0.0, 0.0, 0.0, 0.0, 0.0, 0.0, 0.0, 0.0, 0.0, 0.0, 0.0, 0.0, 0.0, 0.0, 0.0, 0.0, 0.0, 0.0, 0.0, 0.0, 0.0, 1.0, 0.0, 0.0, 0.0, 0.0, 0.0, 0.0, 0.0, 0.0, 0.0, 0.0, 0.0, 1.0, 0.0, 0.0, 0.0, 0.0, 0.0, 0.0, 0.0, 0.0, 0.0, 0.0, 0.0, 0.0, 0.0, 0.0, 0.0, 1.0, 0.0, 0.0, 0.0, 0.0, 0.0, 0.0, 0.0, 0.0, 1.0, 0.0, 0.0, 0.0, 0.0, 1.0, 0.0, 0.0, 0.0, 0.0, 0.0, 0.0, 0.0, 0.0, 0.0, 0.0, 0.0, 0.0, 0.0, 0.0, 0.0, 0.0, 0.0, 0.0, 0.0, 0.0, 0.0, 1.0, 0.0, 0.0, 0.0, 0.0, 0.0, 0.0, 0.0, 0.0, 1.0, 0.0, 0.0, 0.0, 0.0, 0.0, 0.0, 0.0, 0.0, 0.0, 0.0, 1.0, 0.0, 0.0, 0.0, 0.0, 0.0, 0.0, 1.0, 0.0, 0.0, 0.0, 0.0, 0.0, 0.0, 0.0, 0.0, 0.0, 0.0, 0.0, 0.0, 0.0, 0.0, 0.0, 0.0, 0.0, 0.0, 0.0, 0.0, 0.0, 0.0, 0.0, 0.0, 0.0, 0.0, 0.0, 0.0, 0.0, 0.0, 0.0, 0.0, 0.0, 0.0, 0.0, 0.0, 0.0, 0.0, 0.0, 0.0, 0.0, 0.0, 0.0, 0.0, 0.0, 0.0, 0.0, 0.0, 0.0, 0.0, 0.0, 0.0, 0.0, 0.0, 0.0, 0.0, 0.0, 1.0, 0.0, 0.0, 0.0, 0.0, 0.0, 0.0, 0.0, 0.0, 0.0, 0.0, 0.0, 0.0, 0.0, 0.0, 0.0, 0.0, 0.0, 0.0, 0.0, 0.0, 0.0, 0.0, 0.0, 0.0, 0.0, 0.0, 0.0, 0.0, 0.0, 0.0, 0.0, 0.0, 0.0, 0.0, 0.0, 1.0, 0.0, 0.0, 0.0, 0.0, 0.0, 0.0, 0.0, 0.0, 0.0, 0.0, 0.0, 0.0, 0.0, 0.0, 0.0, 0.0, 0.0, 0.0, 0.0, 0.0, 0.0, 0.0, 0.0, 0.0, 0.0, 0.0, 0.0, 0.0, 0.0, 0.0, 0.0, 0.0, 0.0, 0.0, 0.0, 0.0, 0.0, 0.0, 0.0, 0.0, 0.0, 0.0, 0.0, 0.0, 0.0, 0.0, 0.0, 0.0, 0.0, 0.0, 0.0, 0.0, 0.0, 0.0, 0.0, 0.0, 0.0, 0.0, 0.0, 0.0, 0.0, 0.0, 1.0, 0.0, 1.0, 1.0, 0.0, 0.0, 0.0, 0.0, 0.0, 0.0, 1.0, 0.0, 0.0, 0.0, 0.0, 0.0, 0.0, 1.0, 0.0, 0.0, 0.0, 0.0, 0.0, 0.0, 0.0, 0.0, 1.0, 0.0, 0.0, 1.0, 0.0, 0.0, 1.0, 0.0, 0.0, 0.0, 0.0, 0.0, 0.0, 0.0, 0.0, 0.0, 0.0, 0.0, 0.0, 0.0, 0.0, 0.0, 0.0, 0.0, 0.0, 0.0, 0.0, 0.0, 0.0, 0.0, 0.0, 0.0, 0.0, 0.0, 0.0, 0.0, 0.0, 0.0, 1.0, 1.0, 0.0, 0.0, 0.0, 0.0, 0.0, 0.0, 0.0, 0.0, 0.0, 0.0, 0.0, 0.0, 0.0, 0.0, 0.0, 0.0, 0.0, 0.0, 0.0, 1.0, 0.0, 0.0, 0.0, 0.0, 0.0, 0.0, 1.0, 0.0, 0.0, 0.0, 0.0, 0.0, 0.0, 0.0, 0.0, 0.0, 0.0, 0.0, 0.0, 0.0, 0.0, 1.0, 0.0, 0.0, 0.0, 0.0, 0.0, 0.0, 0.0, 0.0, 0.0, 0.0, 0.0, 0.0, 0.0, 0.0, 0.0, 0.0, 1.0, 0.0, 0.0, 0.0, 0.0, 0.0, 0.0, 0.0, 0.0, 0.0, 0.0, 0.0, 0.0, 0.0, 0.0, 0.0, 0.0, 0.0, 0.0, 0.0, 0.0, 0.0, 0.0, 0.0, 0.0, 1.0, 0.0, 0.0, 0.0, 0.0, 0.0, 0.0, 0.0, 0.0, 0.0, 1.0, 0.0, 0.0, 0.0, 0.0, 0.0, 0.0, 0.0, 0.0, 0.0, 1.0, 1.0, 0.0, 0.0, 1.0, 0.0, 1.0, 0.0, 0.0, 0.0, 0.0, 0.0, 0.0, 0.0, 1.0, 0.0, 0.0, 0.0, 0.0, 0.0, 0.0, 0.0, 0.0, 0.0, 0.0, 0.0, 0.0, 0.0, 0.0, 1.0, 0.0, 0.0, 0.0, 0.0, 0.0, 0.0, 0.0, 0.0, 0.0, 0.0, 0.0, 0.0, 0.0, 0.0, 0.0, 0.0, 0.0, 0.0, 0.0, 0.0, 0.0, 0.0, 0.0, 0.0, 0.0, 0.0, 0.0, 0.0, 0.0, 0.0, 0.0, 0.0, 0.0, 0.0, 0.0, 0.0, 0.0, 0.0, 1.0, 0.0, 0.0, 0.0, 0.0, 0.0, 0.0, 0.0, 0.0, 0.0, 0.0, 0.0, 0.0, 0.0, 0.0, 0.0, 0.0, 0.0, 0.0, 0.0, 0.0, 0.0, 1.0, 0.0, 0.0, 1.0, 0.0, 0.0, 0.0, 0.0, 1.0, 0.0, 0.0, 0.0, 0.0, 0.0, 0.0, 0.0, 0.0, 0.0, 0.0, 0.0, 1.0, 1.0, 0.0, 0.0, 0.0, 0.0, 0.0, 0.0, 0.0, 0.0, 0.0, 0.0, 0.0, 1.0, 0.0, 0.0, 0.0, 0.0, 0.0, 0.0, 0.0, 0.0, 0.0, 0.0, 0.0, 0.0, 0.0, 0.0, 0.0, 0.0, 0.0, 0.0, 0.0, 0.0, 0.0, 0.0, 0.0, 0.0, 0.0, 0.0, 0.0, 1.0, 0.0, 0.0, 0.0, 0.0, 0.0, 0.0, 0.0, 0.0, 0.0, 0.0, 0.0, 0.0, 0.0, 0.0, 0.0, 0.0, 0.0, 1.0, 0.0, 0.0, 0.0, 0.0, 0.0, 0.0, 0.0, 0.0, 0.0, 0.0, 0.0, 1.0, 0.0, 0.0, 0.0, 0.0, 0.0, 0.0, 0.0, 0.0, 0.0, 0.0, 0.0, 0.0, 0.0, 0.0, 0.0, 0.0, 0.0, 0.0, 0.0, 0.0, 0.0, 0.0, 0.0, 0.0, 0.0, 0.0, 0.0, 0.0, 0.0, 0.0, 1.0, 0.0, 0.0, 0.0, 0.0, 0.0, 0.0, 0.0, 0.0, 0.0, 0.0, 0.0, 0.0, 0.0, 0.0, 0.0, 1.0, 1.0, 0.0, 0.0, 0.0, 0.0, 0.0, 0.0, 0.0, 0.0, 0.0, 0.0, 0.0, 0.0, 0.0, 0.0, 0.0, 0.0, 0.0, 0.0, 0.0, 0.0, 0.0, 0.0, 0.0, 1.0, 0.0, 0.0, 0.0, 0.0, 0.0, 0.0, 0.0, 0.0, 0.0, 0.0, 0.0, 0.0, 0.0, 0.0, 0.0, 0.0, 0.0, 0.0, 1.0, 0.0, 0.0, 0.0, 0.0, 0.0, 0.0, 0.0, 0.0, 0.0, 0.0, 0.0, 0.0, 1.0, 0.0, 0.0, 0.0, 0.0, 0.0, 0.0, 0.0, 0.0, 0.0, 0.0, 0.0, 1.0, 0.0, 0.0, 0.0, 0.0, 1.0, 0.0, 0.0, 0.0, 0.0, 1.0, 0.0, 0.0, 0.0, 0.0, 0.0, 0.0, 1.0, 0.0, 1.0, 0.0, 0.0, 1.0, 0.0, 1.0, 0.0, 0.0, 0.0, 0.0, 0.0, 1.0, 0.0, 0.0, 0.0, 0.0, 0.0, 0.0, 0.0, 0.0, 0.0, 0.0, 0.0, 0.0, 0.0, 0.0, 1.0, 0.0, 0.0, 0.0, 0.0, 0.0, 0.0, 0.0, 0.0, 0.0, 0.0, 0.0, 0.0, 0.0, 0.0, 0.0, 0.0, 0.0, 1.0, 0.0, 0.0, 0.0, 0.0, 0.0, 0.0, 0.0, 0.0, 0.0, 0.0, 0.0, 0.0, 0.0, 0.0, 0.0, 0.0, 0.0, 0.0, 0.0, 0.0, 0.0, 0.0, 0.0, 0.0, 0.0, 0.0, 0.0, 0.0, 0.0, 0.0, 0.0, 1.0, 0.0, 0.0, 0.0, 0.0, 0.0, 0.0, 0.0, 0.0, 0.0, 0.0, 0.0, 0.0, 0.0, 0.0, 0.0, 1.0, 0.0, 0.0, 0.0, 0.0, 1.0, 0.0, 0.0, 0.0, 0.0, 1.0, 0.0, 0.0, 0.0, 0.0, 0.0, 0.0, 0.0, 1.0, 0.0, 0.0, 0.0, 1.0, 0.0, 0.0, 0.0, 1.0, 0.0, 0.0, 0.0, 0.0, 0.0, 0.0, 0.0, 0.0, 0.0, 0.0, 0.0, 0.0, 0.0, 0.0, 0.0, 0.0, 0.0, 0.0, 0.0, 0.0, 1.0, 0.0, 0.0, 0.0, 0.0, 0.0, 0.0, 0.0, 0.0, 1.0, 0.0, 0.0, 1.0, 0.0, 0.0, 0.0, 0.0, 1.0, 0.0, 0.0, 0.0, 0.0, 0.0, 1.0, 0.0, 0.0, 0.0, 0.0, 0.0, 0.0, 0.0, 0.0, 0.0, 0.0, 0.0, 0.0, 0.0, 0.0, 0.0, 0.0, 0.0, 0.0, 0.0, 0.0, 0.0, 1.0, 0.0, 0.0, 0.0, 1.0, 0.0, 0.0, 0.0, 0.0, 0.0, 0.0, 0.0, 0.0, 0.0, 1.0, 0.0, 1.0, 0.0, 1.0, 0.0, 0.0, 0.0, 0.0, 0.0, 0.0, 0.0, 0.0, 0.0, 0.0, 0.0, 0.0, 0.0, 0.0, 0.0, 0.0, 0.0, 0.0, 0.0, 0.0, 1.0, 0.0, 0.0, 0.0, 0.0, 0.0, 0.0, 0.0, 0.0, 0.0, 0.0, 0.0, 0.0, 0.0, 0.0, 0.0, 0.0, 0.0, 0.0, 0.0, 0.0, 0.0, 0.0, 0.0, 0.0, 0.0, 0.0, 0.0, 1.0, 0.0, 0.0, 0.0, 0.0, 0.0, 0.0, 0.0, 0.0, 0.0, 0.0, 0.0, 0.0, 1.0, 0.0, 0.0, 0.0, 0.0, 0.0, 0.0, 0.0, 0.0, 0.0, 0.0, 0.0, 0.0, 0.0, 0.0, 0.0, 0.0, 0.0, 0.0, 0.0, 0.0, 0.0, 0.0, 0.0, 0.0, 1.0, 0.0, 0.0, 0.0, 0.0, 0.0, 0.0, 0.0, 0.0, 0.0, 0.0, 0.0, 0.0, 0.0, 0.0, 1.0, 0.0, 1.0, 0.0, 0.0, 0.0, 0.0, 0.0, 0.0, 0.0, 0.0, 1.0, 0.0, 0.0, 0.0, 0.0, 0.0, 0.0, 0.0, 0.0, 0.0, 0.0, 0.0, 0.0, 0.0, 0.0, 0.0, 0.0, 0.0, 0.0, 0.0, 0.0, 0.0, 0.0, 0.0, 0.0, 0.0, 0.0, 1.0, 0.0, 0.0, 0.0, 0.0, 0.0, 0.0, 0.0, 0.0, 0.0, 0.0, 0.0, 0.0, 0.0, 0.0, 0.0, 0.0, 0.0, 0.0, 0.0, 0.0, 0.0, 0.0, 0.0, 0.0, 0.0, 0.0, 0.0, 0.0, 0.0, 0.0, 0.0, 0.0, 0.0, 0.0, 1.0, 0.0, 0.0, 0.0, 0.0, 0.0, 0.0, 0.0, 0.0, 0.0, 1.0, 0.0, 0.0, 1.0, 0.0, 0.0, 0.0, 0.0, 0.0, 0.0, 0.0, 0.0, 0.0, 0.0, 0.0, 0.0, 0.0, 0.0, 0.0, 0.0, 0.0, 0.0, 0.0, 0.0, 0.0, 0.0, 0.0, 0.0, 0.0, 0.0, 0.0, 0.0, 0.0, 0.0, 0.0, 0.0, 0.0, 0.0, 0.0, 0.0, 0.0, 0.0, 0.0, 0.0, 0.0, 0.0, 0.0, 0.0, 0.0, 0.0, 0.0, 1.0, 0.0, 1.0, 0.0, 0.0, 0.0, 0.0, 0.0, 0.0, 0.0, 0.0, 0.0, 1.0, 0.0, 0.0, 0.0, 0.0, 0.0, 0.0, 0.0, 0.0, 0.0, 0.0, 0.0, 0.0, 0.0, 0.0, 0.0, 0.0, 0.0, 0.0, 0.0, 0.0, 0.0, 0.0, 0.0, 0.0, 0.0, 0.0, 0.0, 1.0, 0.0, 0.0, 0.0, 0.0, 0.0, 0.0, 0.0, 0.0, 1.0, 1.0, 0.0, 1.0, 0.0, 0.0, 0.0, 0.0, 0.0, 0.0, 0.0, 0.0, 0.0, 0.0, 0.0, 0.0, 0.0, 0.0, 0.0, 0.0, 0.0, 0.0, 0.0, 0.0, 0.0, 0.0, 0.0, 0.0, 0.0, 0.0, 0.0, 0.0, 0.0, 0.0, 1.0, 0.0, 1.0, 0.0, 0.0, 0.0, 0.0, 0.0, 0.0, 0.0, 0.0, 0.0, 0.0, 0.0, 0.0, 0.0, 0.0, 0.0, 0.0, 0.0, 0.0, 0.0, 0.0, 0.0, 0.0, 0.0, 0.0, 0.0, 0.0, 0.0, 0.0, 0.0, 0.0, 0.0, 0.0, 0.0, 0.0, 0.0, 0.0, 0.0, 0.0, 0.0, 0.0, 0.0, 0.0, 0.0, 0.0, 0.0, 0.0, 0.0, 1.0, 0.0, 0.0, 0.0, 0.0, 0.0, 0.0, 0.0, 0.0, 1.0, 0.0, 0.0, 0.0, 1.0, 0.0, 0.0, 0.0, 0.0, 0.0, 0.0, 0.0, 0.0, 0.0, 0.0, 0.0, 0.0, 0.0, 0.0, 0.0, 0.0, 1.0, 1.0, 1.0, 0.0, 0.0, 0.0, 0.0, 0.0, 0.0, 0.0, 0.0, 0.0, 0.0, 0.0, 0.0, 0.0, 0.0, 0.0, 0.0, 0.0, 0.0, 0.0, 0.0, 0.0, 0.0, 0.0, 0.0, 0.0, 0.0, 0.0, 0.0, 0.0, 0.0, 0.0, 0.0, 0.0, 0.0, 0.0, 0.0, 0.0, 0.0, 0.0, 0.0, 0.0, 0.0, 0.0, 0.0, 1.0, 0.0, 0.0, 0.0, 1.0, 0.0, 0.0, 0.0, 0.0, 0.0, 0.0, 0.0, 0.0, 0.0, 0.0, 0.0, 0.0, 0.0, 0.0, 0.0, 0.0, 0.0, 1.0, 0.0, 0.0, 0.0, 0.0, 1.0, 0.0, 0.0, 0.0, 0.0, 0.0, 0.0, 0.0, 0.0, 0.0, 1.0, 0.0, 0.0, 0.0, 0.0, 1.0, 0.0, 0.0, 0.0, 1.0, 0.0, 0.0, 0.0, 0.0, 0.0, 0.0, 0.0, 0.0, 0.0, 1.0, 0.0, 0.0, 0.0, 1.0, 0.0, 1.0, 0.0, 0.0, 0.0, 0.0, 0.0, 0.0, 0.0, 0.0, 0.0, 0.0, 0.0, 0.0, 0.0, 0.0, 0.0, 0.0, 0.0, 0.0, 0.0, 0.0, 0.0, 0.0, 0.0, 0.0, 0.0, 0.0, 0.0, 0.0, 0.0, 0.0, 0.0, 0.0, 0.0, 0.0, 1.0, 0.0, 0.0, 0.0, 0.0, 0.0, 0.0, 1.0, 0.0, 0.0, 0.0, 0.0, 0.0, 0.0, 0.0, 0.0, 0.0, 0.0, 1.0, 0.0, 0.0, 0.0, 0.0, 0.0, 0.0, 0.0, 0.0, 0.0, 0.0, 0.0, 0.0, 0.0, 0.0, 0.0, 0.0, 0.0, 0.0, 0.0, 0.0, 0.0, 0.0, 0.0, 0.0, 0.0, 0.0, 0.0, 0.0, 0.0, 0.0, 0.0, 0.0, 0.0, 0.0, 0.0, 0.0, 0.0, 0.0, 0.0, 1.0, 0.0, 0.0, 1.0, 0.0, 0.0, 0.0, 0.0, 0.0, 0.0, 1.0, 0.0, 0.0, 1.0, 0.0, 0.0, 0.0, 1.0, 0.0, 0.0, 0.0, 0.0, 0.0, 0.0, 0.0, 0.0, 0.0, 0.0, 1.0, 0.0, 0.0, 0.0, 0.0, 0.0, 0.0, 0.0, 0.0, 0.0, 0.0, 0.0, 0.0, 0.0, 1.0, 0.0, 0.0, 0.0, 0.0, 0.0, 0.0, 0.0, 0.0, 0.0, 0.0, 1.0, 0.0, 0.0, 0.0, 0.0]